   1.4594960e+00  -9.3266897e-01
   1.4937002e+00  -9.3954133e-01
   1.5011325e+00  -9.5007702e-01
   1.4878650e+00  -9.5409262e-01
   1.4805415e+00  -9.7068555e-01
   1.4704044e+00  -9.9180032e-01
   1.4745776e+00  -1.0070204e+00
   1.4837246e+00  -1.0262307e+00
   1.4962125e+00  -1.0410570e+00
   1.5086904e+00  -1.0563964e+00
   1.5198438e+00  -1.0741194e+00
   1.5337107e+00  -1.0939852e+00
   1.5409964e+00  -1.1126287e+00
   1.5590191e+00  -1.1223332e+00
   1.5815278e+00  -1.1385371e+00
   1.5893944e+00  -1.1513754e+00
   1.6042077e+00  -1.1548643e+00
   1.6093663e+00  -1.1727098e+00
   1.6198042e+00  -1.1768566e+00
   1.6179850e+00  -1.1540975e+00
   1.6246052e+00  -1.1447594e+00
   1.6468187e+00  -1.1318271e+00
   1.6432298e+00  -1.1117139e+00
   1.6410931e+00  -1.0895141e+00
   1.6410931e+00  -1.0895141e+00
   1.6488475e+00  -1.0777429e+00
   1.6506320e+00  -1.0617222e+00
   1.6659395e+00  -1.0511296e+00
   1.6824966e+00  -1.0513406e+00
   1.7053606e+00  -1.0348382e+00
   1.7187426e+00  -1.0192979e+00
   1.7064758e+00  -1.0051911e+00
   1.7102035e+00  -9.7746185e-01
   1.7246299e+00  -9.6583917e-01
   1.7517156e+00  -9.5427325e-01
   1.7612857e+00  -9.3649220e-01
   1.7681173e+00  -9.4686455e-01
   1.7763128e+00  -9.3139896e-01
   1.7783482e+00  -9.2752542e-01
   1.7803701e+00  -9.2364478e-01
   1.7823784e+00  -9.1975710e-01
   1.7843731e+00  -9.1586244e-01
   1.7862795e+00  -9.2008239e-01
   1.7881818e+00  -9.2431897e-01
   1.7900797e+00  -9.2857224e-01
   1.7919733e+00  -9.3284227e-01
   1.7961444e+00  -9.3084445e-01
   1.8003188e+00  -9.2882992e-01
   1.8044965e+00  -9.2679862e-01
   1.8086774e+00  -9.2475047e-01
   1.8208369e+00  -9.3457816e-01
   1.8341269e+00  -9.2447607e-01
   1.8490894e+00  -9.1186999e-01
   1.8614474e+00  -9.2119766e-01
   1.8456358e+00  -9.2704760e-01
   1.8452668e+00  -9.3696734e-01
   1.8583775e+00  -9.3669937e-01
   1.8840522e+00  -9.4634382e-01
   1.8920519e+00  -9.5698799e-01
   1.9022727e+00  -9.2780041e-01
   1.9246723e+00  -9.4580473e-01
   1.9356866e+00  -9.5121728e-01
   1.9434769e+00  -9.7237235e-01
   1.9483054e+00  -9.5362180e-01
   1.9686571e+00  -9.4956746e-01
   1.9822822e+00  -9.3152374e-01
   1.9849295e+00  -9.1506503e-01
   1.9969835e+00  -8.9957546e-01
   1.9893905e+00  -8.8573370e-01
   1.9970441e+00  -8.6833949e-01
   1.9818239e+00  -8.7202337e-01
   1.9730827e+00  -8.6119856e-01
   1.9805228e+00  -8.4394759e-01
   2.0065719e+00  -8.3443361e-01
   1.9812661e+00  -8.2066727e-01
   1.9577405e+00  -8.2416479e-01
   1.9383109e+00  -8.2956007e-01
   1.9216747e+00  -8.2879694e-01
   1.9060221e+00  -8.3549520e-01
   1.8927965e+00  -8.4589600e-01
   1.8776278e+00  -8.4265799e-01
   1.8776278e+00  -8.4265799e-01
   1.8645081e+00  -8.5285132e-01
   1.8801198e+00  -8.3708326e-01
   1.8557518e+00  -8.2623395e-01
   1.8769250e+00  -8.1611020e-01
   1.8884314e+00  -7.9848157e-01
   1.9070556e+00  -7.9304970e-01
   1.9159939e+00  -7.6750682e-01
   1.9271617e+00  -7.4285704e-01
   1.9506237e+00  -7.3591231e-01
   1.9770325e+00  -7.3250359e-01
   1.9950278e+00  -7.2928694e-01
   2.0183585e+00  -7.2466474e-01
   2.0351968e+00  -7.1391232e-01
   2.0586881e+00  -7.2215265e-01
   2.0853523e+00  -7.3518676e-01
   2.1048370e+00  -7.4536188e-01
   2.1236695e+00  -7.3123805e-01
   2.1465852e+00  -7.1823736e-01
   2.1665206e+00  -7.0060232e-01
   2.1954411e+00  -6.8506501e-01
   2.2265011e+00  -6.6290264e-01
   2.2373972e+00  -6.4156332e-01
   2.2537193e+00  -6.3561458e-01
   2.2737595e+00  -6.1648854e-01
   2.2920894e+00  -6.2145835e-01
   2.3088497e+00  -6.1520048e-01
   2.3337949e+00  -6.1792267e-01
   2.3599576e+00  -5.9584645e-01
   2.3416833e+00  -5.8732130e-01
   2.3352224e+00  -5.7142530e-01
   2.3352224e+00  -5.7142530e-01
   2.3521519e+00  -5.6470171e-01
   2.3728548e+00  -5.6616912e-01
   2.3860842e+00  -5.7637294e-01
   2.3958088e+00  -5.5664066e-01
   2.3856443e+00  -5.3238039e-01
   2.3893928e+00  -5.1529559e-01
   2.3706955e+00  -5.0736759e-01
   2.3538777e+00  -5.1451957e-01
   2.3357070e+00  -5.0371772e-01
   2.3162490e+00  -5.0290695e-01
   2.2940321e+00  -5.1572046e-01
   2.2764802e+00  -5.2891594e-01
   2.2581434e+00  -5.4546809e-01
   2.2331684e+00  -5.4975875e-01
   2.2101146e+00  -5.4776685e-01
   2.1946858e+00  -5.5411833e-01
   2.1769059e+00  -5.6988246e-01
   2.1583248e+00  -5.8842689e-01
   2.1495746e+00  -6.1963005e-01
   2.1357280e+00  -6.0555808e-01
   2.1219503e+00  -6.2170793e-01
   2.1032028e+00  -6.3980389e-01
   2.0854558e+00  -6.5434178e-01
   2.0677305e+00  -6.6865593e-01
   2.0425405e+00  -6.8025476e-01
   2.0287730e+00  -6.6898901e-01
   2.0367570e+00  -6.5863980e-01
   2.0531875e+00  -6.6039244e-01
   2.0626444e+00  -6.4362715e-01
   2.0752689e+00  -6.3130625e-01
   2.0752689e+00  -6.3130625e-01
   2.0623618e+00  -6.1756134e-01
   2.0408307e+00  -6.0452159e-01
   2.0239926e+00  -6.1879663e-01
   2.0049346e+00  -6.1297003e-01
   2.0025564e+00  -5.9318423e-01
   1.9842976e+00  -5.8777574e-01
   1.9766302e+00  -5.7314201e-01
   1.9673914e+00  -5.6414040e-01
   1.9706079e+00  -5.5279974e-01
   1.9815565e+00  -5.5587106e-01
   1.9981523e+00  -5.6655027e-01
   2.0068508e+00  -5.7848892e-01
   2.0266942e+00  -5.8114521e-01
   2.0485688e+00  -5.7775615e-01
   2.0648027e+00  -5.7922348e-01
   2.0794834e+00  -5.5719589e-01
   2.1015424e+00  -5.5328995e-01
   2.1090547e+00  -5.4229800e-01
   2.1251867e+00  -5.2986855e-01
   2.1453447e+00  -5.1822087e-01
   2.1511717e+00  -4.9347444e-01
   2.1679655e+00  -4.7745154e-01
   2.1928342e+00  -4.6610129e-01
   2.2181160e+00  -4.5128080e-01
   2.2219697e+00  -4.3190715e-01
   2.2405316e+00  -4.3226953e-01
   2.2662397e+00  -4.1675059e-01
   2.2909928e+00  -4.1097639e-01
   2.3194882e+00  -4.1232849e-01
   2.3280608e+00  -3.8958376e-01
   2.3280608e+00  -3.8958376e-01
   2.3399245e+00  -3.7772785e-01
   2.3477066e+00  -3.5799165e-01
   2.3411229e+00  -3.3944667e-01
   2.3233363e+00  -3.2652362e-01
   2.3175460e+00  -3.0181933e-01
   2.3066039e+00  -2.7627085e-01
   2.2897903e+00  -2.5765051e-01
   2.2879470e+00  -2.3361157e-01
   2.3039270e+00  -2.1170115e-01
   2.3106731e+00  -1.8510057e-01
   2.3218932e+00  -1.6236259e-01
   2.3091180e+00  -1.4446818e-01
   2.2966907e+00  -1.2036446e-01
   2.2693900e+00  -1.2211129e-01
   2.2383931e+00  -1.2396995e-01
   2.2263216e+00  -1.0382240e-01
   2.2096953e+00  -8.0253490e-02
   2.2021997e+00  -5.7666628e-02
   2.1939655e+00  -3.8295811e-02
   2.1651082e+00  -1.8894613e-02
   2.1406040e+00   0.0000000e+00
   2.1202682e+00   1.2212003e-02
   2.1002959e+00   9.1643278e-03
   2.0964304e+00   4.5577388e-03
   2.0925601e+00  -2.1228144e-05
   2.0886854e+00  -4.5726841e-03
   2.0848062e+00  -9.0967408e-03
   2.0809916e+00  -3.7954509e-03
   2.0771667e+00   1.4742930e-03
   2.0733317e+00   6.7125850e-03
   2.0694867e+00   1.1919520e-02
   2.0538015e+00   2.4017646e-02
   2.0351925e+00   2.9484335e-02
   2.0348577e+00   4.7243391e-02
   2.0121367e+00   6.4288552e-02
   1.9933489e+00   7.5531506e-02
   1.9933489e+00   7.5531506e-02
   1.9924822e+00   9.5705782e-02
   1.9914113e+00   1.1587025e-01
   1.9901126e+00   1.3637019e-01
   1.9851696e+00   1.5623624e-01
   1.9764141e+00   1.7291383e-01
   1.9569513e+00   1.8843298e-01
   1.9624315e+00   2.0625986e-01
   1.9826180e+00   2.1993387e-01
   1.9927968e+00   2.2705052e-01
   2.0016638e+00   2.4577341e-01
   1.9998084e+00   2.6043963e-01
   1.9904687e+00   2.7372213e-01
   1.9919247e+00   2.9165563e-01
   1.9849015e+00   3.1153717e-01
   2.0041989e+00   3.0847571e-01
   2.0264414e+00   3.1189916e-01
   2.0495239e+00   3.1252305e-01
   2.0472350e+00   3.2718101e-01
   2.0609343e+00   3.3859908e-01
   2.0847100e+00   3.3951658e-01
   2.1027399e+00   3.3003231e-01
   2.1312174e+00   3.3107263e-01
   2.1567438e+00   3.2887256e-01
   2.1783002e+00   3.2865922e-01
   2.2028020e+00   3.3904365e-01
   2.2194171e+00   3.4477395e-01
   2.2419752e+00   3.4507299e-01
   2.2704502e+00   3.6651280e-01
   2.2856513e+00   3.5874089e-01
   2.2936196e+00   3.3582951e-01
   2.2936196e+00   3.3582951e-01
   2.3188468e+00   3.2589267e-01
   2.3089541e+00   2.9373606e-01
   2.3122310e+00   2.6671636e-01
   2.3199885e+00   2.3688318e-01
   2.3184205e+00   2.0609781e-01
   2.3111810e+00   1.7864724e-01
   2.3230210e+00   1.4533801e-01
   2.3204147e+00   1.1145751e-01
   2.3164128e+00   8.7772968e-02
   2.3221033e+00   6.7701514e-02
   2.3363989e+00   5.7916411e-02
   2.3696521e+00   5.1705994e-02
   2.3941856e+00   4.8896909e-02
   2.4287582e+00   4.5786437e-02
   2.4641784e+00   4.3012395e-02
   2.4901252e+00   5.4334725e-02
   2.5053507e+00   7.6545388e-02
   2.5209588e+00   8.8033821e-02
   2.5372227e+00   8.5054987e-02
   2.5581284e+00   1.0408667e-01
   2.5690482e+00   1.1216707e-01
   2.5728770e+00   1.4249483e-01
   2.5880290e+00   1.6962838e-01
   2.5864502e+00   1.9220645e-01
   2.5964406e+00   2.1209765e-01
   2.6303897e+00   2.1856853e-01
   2.6380248e+00   1.9233577e-01
   2.6514876e+00   1.7006994e-01
   2.6589242e+00   1.3934831e-01
   2.6365895e+00   1.2295485e-01
   2.6365895e+00   1.2295485e-01
   2.6434157e+00   9.2310110e-02
   2.6442147e+00   6.5546779e-02
   2.6857443e+00   7.4081407e-02
   2.7215235e+00   9.1233282e-02
   2.7223187e+00   6.3204208e-02
   2.6920360e+00   5.0749694e-02
   2.6981463e+00   2.7314024e-02
   2.6925143e+00   0.0000000e+00
   2.7230403e+00  -8.0794470e-03
   2.7347066e+00  -2.7684134e-02
   2.7410337e+00  -5.1673389e-02
   2.7525134e+00  -7.2077101e-02
   2.7841718e+00  -7.6796351e-02
   2.8093436e+00  -8.5833210e-02
   2.8215782e+00  -1.1480608e-01
   2.8397165e+00  -1.4882324e-01
   2.8515748e+00  -1.7840657e-01
   2.8767330e+00  -2.0116077e-01
   2.9025025e+00  -2.1976866e-01
   2.9297768e+00  -2.3469497e-01
   2.9638010e+00  -2.4627287e-01
   2.9700531e+00  -2.6402521e-01
   2.9276172e+00  -2.6025283e-01
   2.9114591e+00  -2.8034163e-01
   2.9301941e+00  -3.0383990e-01
   2.9513323e+00  -3.0603177e-01
   2.9603234e+00  -2.8504673e-01
   2.9966363e+00  -2.8854325e-01
   3.0084734e+00  -3.2045095e-01
   3.0029403e+00  -3.6871471e-01
   3.0029403e+00  -3.6871471e-01
   3.0228836e+00  -3.8884918e-01
   3.0181299e+00  -4.2417050e-01
   2.9992850e+00  -4.4824614e-01
   3.0279476e+00  -4.5685296e-01
   3.0470286e+00  -4.8260192e-01
   3.0725944e+00  -4.6852666e-01
   3.0855375e+00  -4.8870113e-01
   3.1192099e+00  -4.7563486e-01
   3.1671269e+00  -4.8294152e-01
   3.1957166e+00  -4.5880191e-01
   3.2383821e+00  -4.5973678e-01
   3.2896517e+00  -4.6701526e-01
   3.3228968e+00  -4.8179711e-01
   3.3459424e+00  -5.1020833e-01
   3.3486538e+00  -5.5556704e-01
   3.3804751e+00  -5.8573243e-01
   3.3821821e+00  -6.2685041e-01
   3.3462035e+00  -6.2018215e-01
   3.3040581e+00  -5.9747103e-01
   3.2696093e+00  -5.9124167e-01
   3.2634568e+00  -6.2430877e-01
   3.2297245e+00  -6.1785570e-01
   3.2194616e+00  -5.7753246e-01
   3.1740092e+00  -5.4539453e-01
   3.1288261e+00  -5.1909597e-01
   3.0998139e+00  -5.4658083e-01
   3.0765385e+00  -5.4247675e-01
   3.0445395e+00  -5.8738812e-01
   3.0165042e+00  -5.7270121e-01
   3.0105523e+00  -6.0320715e-01
   3.0105523e+00  -6.0320715e-01
   3.0275896e+00  -6.3415103e-01
   3.0373426e+00  -6.5947173e-01
   3.0376041e+00  -6.9682025e-01
   3.0554374e+00  -7.2396422e-01
   3.0200674e+00  -7.3453802e-01
   3.0109448e+00  -7.0898340e-01
   2.9884592e+00  -7.3569535e-01
   2.9748570e+00  -7.5994061e-01
   2.9855006e+00  -8.0946421e-01
   2.9805694e+00  -8.5466452e-01
   2.9999178e+00  -8.9830659e-01
   3.0019515e+00  -9.4651166e-01
   2.9951701e+00  -9.9229789e-01
   2.9445559e+00  -9.9495910e-01
   2.9343334e+00  -1.0247151e+00
   2.9402330e+00  -1.0556515e+00
   2.9730852e+00  -1.0821145e+00
   2.9812847e+00  -1.1295077e+00
   3.0208229e+00  -1.1644272e+00
   3.0698853e+00  -1.1784186e+00
   3.1266496e+00  -1.2002083e+00
   3.1527753e+00  -1.2311178e+00
   3.1966786e+00  -1.2701745e+00
   3.1891204e+00  -1.3157631e+00
   3.1517856e+00  -1.3326631e+00
   3.1097578e+00  -1.3360574e+00
   3.0881383e+00  -1.3639632e+00
   3.1009450e+00  -1.4020855e+00
   3.1517217e+00  -1.4250441e+00
   3.2040546e+00  -1.4487063e+00
   3.2040546e+00  -1.4487063e+00
   3.2271165e+00  -1.4199653e+00
   3.2790156e+00  -1.4257566e+00
   3.3259643e+00  -1.4461705e+00
   3.3372220e+00  -1.4977073e+00
   3.3242985e+00  -1.5501458e+00
   3.3080792e+00  -1.6077442e+00
   3.2641190e+00  -1.6509709e+00
   3.2321221e+00  -1.7127653e+00
   3.2476205e+00  -1.7508575e+00
   3.2587424e+00  -1.8190110e+00
   3.2460084e+00  -1.8305964e+00
   3.2332152e+00  -1.8420461e+00
   3.2203648e+00  -1.8533600e+00
   3.2074590e+00  -1.8645381e+00
   3.2226003e+00  -1.8655218e+00
   3.2378486e+00  -1.8664606e+00
   3.2532049e+00  -1.8673532e+00
   3.2686700e+00  -1.8681988e+00
   3.2810582e+00  -1.8247137e+00
   3.3528492e+00  -1.8075884e+00
   3.3887557e+00  -1.7393414e+00
   3.3969276e+00  -1.6751793e+00
   3.4029253e+00  -1.6107358e+00
   3.4076936e+00  -1.5472329e+00
   3.4225148e+00  -1.4881518e+00
   3.4665305e+00  -1.4415579e+00
   3.5097472e+00  -1.4237336e+00
   3.5595276e+00  -1.3899493e+00
   3.6018467e+00  -1.4064744e+00
   3.6592300e+00  -1.4539656e+00
   3.7380794e+00  -1.4536596e+00
   3.8108662e+00  -1.4758425e+00
   3.8733328e+00  -1.5319972e+00
   3.9135929e+00  -1.6146650e+00
   3.9670843e+00  -1.7043939e+00
   4.0071499e+00  -1.7908064e+00
   4.0071499e+00  -1.7908064e+00
   4.0704155e+00  -1.8696004e+00
   4.0770430e+00  -1.9298217e+00
   4.1629206e+00  -1.9704709e+00
   4.2500184e+00  -1.9368450e+00
   4.2578542e+00  -1.8806011e+00
   4.2792342e+00  -1.8314305e+00
   4.3175157e+00  -1.7813149e+00
   4.2703499e+00  -1.7253334e+00
   4.2571274e+00  -1.6700644e+00
   4.2107519e+00  -1.6586593e+00
   4.1680552e+00  -1.5999665e+00
   4.1070301e+00  -1.6318953e+00
   4.0713279e+00  -1.5628364e+00
   4.0253996e+00  -1.5186636e+00
   4.0075626e+00  -1.4451821e+00
   3.9848467e+00  -1.3853314e+00
   3.9518939e+00  -1.3161524e+00
   3.8921204e+00  -1.2458776e+00
   3.8627110e+00  -1.2119812e+00
   3.7934355e+00  -1.1837029e+00
   3.7279182e+00  -1.1518448e+00
   3.6703170e+00  -1.1396637e+00
   3.6140010e+00  -1.1686838e+00
   3.5586442e+00  -1.1962334e+00
   3.5114671e+00  -1.1974530e+00
   3.4863718e+00  -1.1719391e+00
   3.4681519e+00  -1.1268709e+00
   3.4427494e+00  -1.1405806e+00
   3.4281793e+00  -1.0861656e+00
   3.4029537e+00  -1.0293568e+00
   3.4029537e+00  -1.0293568e+00
   3.3685676e+00  -1.0086965e+00
   3.3135476e+00  -9.9222109e-01
   3.2714879e+00  -9.6905888e-01
   3.2139866e+00  -9.4166246e-01
   3.1621719e+00  -9.0196185e-01
   3.1712920e+00  -8.6935232e-01
   3.1810956e+00  -8.3276479e-01
   3.1467623e+00  -7.9450036e-01
   3.1137562e+00  -7.9079333e-01
   3.1216016e+00  -7.5923308e-01
   3.1302663e+00  -7.2267891e-01
   3.1623290e+00  -7.3008119e-01
   3.2082208e+00  -7.2123886e-01
   3.2385177e+00  -7.4290942e-01
   3.2896383e+00  -7.1906169e-01
   3.3471724e+00  -7.1146346e-01
   3.4153256e+00  -7.0541518e-01
   3.4766330e+00  -6.9659308e-01
   3.5482867e+00  -6.9485999e-01
   3.5846362e+00  -6.6955142e-01
   3.5483361e+00  -6.4164370e-01
   3.5538003e+00  -6.1065458e-01
   3.5114605e+00  -5.5616070e-01
   3.4777257e+00  -5.1974959e-01
   3.4562133e+00  -4.6545575e-01
   3.4718115e+00  -4.1583225e-01
   3.5063889e+00  -3.6853633e-01
   3.5383844e+00  -3.4569467e-01
   3.5882415e+00  -3.5625670e-01
   3.6255072e+00  -3.9193551e-01
   3.6255072e+00  -3.9193551e-01
   3.6204149e+00  -3.4350507e-01
   3.6626444e+00  -3.3654974e-01
   3.7040206e+00  -3.6187706e-01
   3.7606781e+00  -3.3430844e-01
   3.8176208e+00  -3.3399854e-01
   3.8322373e+00  -3.3244139e-01
   3.8469551e+00  -3.3085290e-01
   3.8617752e+00  -3.2923253e-01
   3.8766986e+00  -3.2757971e-01
   3.8877203e+00  -3.3563108e-01
   3.8987764e+00  -3.4376574e-01
   3.9098668e+00  -3.5198457e-01
   3.9209913e+00  -3.6028849e-01
   3.9333800e+00  -3.5576173e-01
   3.9458271e+00  -3.5117563e-01
   3.9583328e+00  -3.4652942e-01
   3.9708975e+00  -3.4182234e-01
   3.9823354e+00  -3.5582968e-01
   3.9937550e+00  -3.6999081e-01
   4.0051547e+00  -3.8430698e-01
   4.0165331e+00  -3.9877940e-01
   4.0617478e+00  -4.5057390e-01
   4.1215741e+00  -5.0606566e-01
   4.1247634e+00  -5.7969769e-01
   4.1724452e+00  -6.2357611e-01
   4.2368969e+00  -6.6499566e-01
   4.1886052e+00  -7.0093212e-01
   4.2510743e+00  -7.5570077e-01
   4.3132163e+00  -8.1265188e-01
   4.4082371e+00  -8.8325325e-01
   4.4553134e+00  -9.6083129e-01
   4.5429278e+00  -1.0137998e+00
   4.6177255e+00  -1.0660859e+00
   4.6945944e+00  -1.1123508e+00
   4.7726629e+00  -1.1749285e+00
   4.8457679e+00  -1.2685519e+00
   4.9301968e+00  -1.3210423e+00
   5.0181447e+00  -1.4550570e+00
   5.0277953e+00  -1.3471937e+00
   5.0315798e+00  -1.2545137e+00
   4.9748955e+00  -1.1412310e+00
   5.0577103e+00  -1.2301316e+00
   5.0577103e+00  -1.2301316e+00
   5.0608936e+00  -1.2618817e+00
   5.0637339e+00  -1.2937905e+00
   5.0662263e+00  -1.3258531e+00
   5.0683663e+00  -1.3580647e+00
   5.0868890e+00  -1.3493538e+00
   5.1054758e+00  -1.3405023e+00
   5.1241262e+00  -1.3315084e+00
   5.1428398e+00  -1.3223705e+00
   5.1531586e+00  -1.3466761e+00
   5.1633510e+00  -1.3712025e+00
   5.1734134e+00  -1.3959501e+00
   5.1833421e+00  -1.4209195e+00
   5.2459147e+00  -1.5211010e+00
   5.1261366e+00  -1.4621532e+00
   5.1711837e+00  -1.5396315e+00
   5.0869588e+00  -1.5232580e+00
   5.1012409e+00  -1.5493862e+00
   5.1154325e+00  -1.5758253e+00
   5.1295290e+00  -1.6025779e+00
   5.1435258e+00  -1.6296466e+00
   5.1526872e+00  -1.6182509e+00
   5.1618101e+00  -1.6067888e+00
   5.1708939e+00  -1.5952605e+00
   5.1799381e+00  -1.5836660e+00
   5.2674309e+00  -1.6104152e+00
   5.2780610e+00  -1.7230973e+00
   5.3868638e+00  -1.8464367e+00
   5.3453020e+00  -1.9635112e+00
   5.3448207e+00  -2.1053809e+00
   5.4315124e+00  -2.2309486e+00
   5.4637457e+00  -2.3564528e+00
   5.3537172e+00  -2.4116738e+00
   5.4233511e+00  -2.5093868e+00
   5.4355042e+00  -2.6124272e+00
   5.2712799e+00  -2.5233121e+00
   5.3213643e+00  -2.6624178e+00
   5.1931689e+00  -2.6266722e+00
   5.3112533e+00  -2.7943855e+00
   5.2001665e+00  -2.8919985e+00
   5.0764258e+00  -2.9509931e+00
   4.9587604e+00  -2.9995845e+00
   4.9316044e+00  -2.8472632e+00
   4.9529256e+00  -2.8237844e+00
   4.9740461e+00  -2.8000274e+00
   4.9949607e+00  -2.7759945e+00
   5.0156646e+00  -2.7516878e+00
   4.9788312e+00  -2.7673509e+00
   4.9421422e+00  -2.7824924e+00
   4.9056038e+00  -2.7971214e+00
   4.8692220e+00  -2.8112467e+00
   4.7873479e+00  -2.9050340e+00
   4.7873479e+00  -2.9050340e+00
   4.7857790e+00  -2.9997861e+00
   4.6921366e+00  -3.0564320e+00
   4.6152957e+00  -3.0063783e+00
   4.5191794e+00  -3.1059460e+00
   4.4109656e+00  -3.1848010e+00
   4.2923258e+00  -3.2344995e+00
   4.1664430e+00  -3.2551821e+00
   4.0451666e+00  -3.2757113e+00
   3.9409570e+00  -3.3068556e+00
   3.8284572e+00  -3.3186535e+00
   3.7371250e+00  -3.2773707e+00
   3.6545815e+00  -3.2049820e+00
   3.6386864e+00  -3.1165288e+00
   3.6568760e+00  -3.0144960e+00
   3.7032662e+00  -2.9278131e+00
   3.7854855e+00  -2.8785501e+00
   3.8484868e+00  -2.8218273e+00
   3.9085893e+00  -2.7705091e+00
   3.9999558e+00  -2.7316549e+00
   4.0832209e+00  -2.6689324e+00
   4.1093727e+00  -2.6627888e+00
   4.1356677e+00  -2.6563988e+00
   4.1621049e+00  -2.6497580e+00
   4.1886827e+00  -2.6428620e+00
   4.1585266e+00  -2.6388001e+00
   4.1287126e+00  -2.6346351e+00
   4.0992358e+00  -2.6303712e+00
   4.0700915e+00  -2.6260122e+00
   3.9872062e+00  -2.6561208e+00
   3.8692854e+00  -2.6762240e+00
   3.7879382e+00  -2.6199595e+00
   3.7220914e+00  -2.5744160e+00
   3.6464954e+00  -2.5221294e+00
   3.5620830e+00  -2.5643328e+00
   3.4595906e+00  -2.5833988e+00
   3.4024107e+00  -2.6582546e+00
   3.4024107e+00  -2.6582546e+00
   3.4712465e+00  -2.7120350e+00
   3.5064485e+00  -2.6663654e+00
   3.6006765e+00  -2.6643605e+00
   3.6316873e+00  -2.7287308e+00
   3.5783908e+00  -2.7706862e+00
   3.4972095e+00  -2.7987879e+00
   3.4337473e+00  -2.8305628e+00
   3.3628852e+00  -2.8894754e+00
   3.4582088e+00  -2.9193106e+00
   3.4796472e+00  -2.9245851e+00
   3.5012870e+00  -2.9298144e+00
   3.5231302e+00  -2.9349968e+00
   3.5451794e+00  -2.9401303e+00
   3.5469871e+00  -2.9631678e+00
   3.5486474e+00  -2.9863716e+00
   3.5501572e+00  -3.0097418e+00
   3.5515131e+00  -3.0332787e+00
   3.5356953e+00  -3.1281190e+00
   3.5508105e+00  -3.2162922e+00
   3.4804687e+00  -3.2649499e+00
   3.4136818e+00  -3.2873553e+00
   3.4290838e+00  -3.3697512e+00
   3.5057380e+00  -3.4450791e+00
   3.5729062e+00  -3.4298868e+00
   3.6341561e+00  -3.5303619e+00
   3.7335317e+00  -3.6268993e+00
   3.8677435e+00  -3.6384097e+00
   3.7567983e+00  -3.6917954e+00
   3.6806326e+00  -3.7677356e+00
   3.5994339e+00  -3.7600177e+00
   3.5024405e+00  -3.7128027e+00
   3.5643315e+00  -3.6270900e+00
   3.5564378e+00  -3.6005406e+00
   3.5484878e+00  -3.5742746e+00
   3.5404843e+00  -3.5482886e+00
   3.5324298e+00  -3.5225792e+00
   3.5120601e+00  -3.5303293e+00
   3.4917020e+00  -3.5378971e+00
   3.4713574e+00  -3.5452837e+00
   3.4510283e+00  -3.5524900e+00
   3.3683488e+00  -3.5284726e+00
   3.3062554e+00  -3.5867210e+00
   3.3062554e+00  -3.5867210e+00
   3.2897841e+00  -3.6755483e+00
   3.3790379e+00  -3.7752681e+00
   3.3432191e+00  -3.8567965e+00
   3.3074742e+00  -3.9655299e+00
   3.2880992e+00  -4.0604644e+00
   3.2369839e+00  -4.1550959e+00
   3.2080280e+00  -4.2571969e+00
   3.1774971e+00  -4.3606327e+00
   3.0959541e+00  -4.2612153e+00
   2.9869368e+00  -4.2389631e+00
   3.0082992e+00  -4.3235429e+00
   2.9435975e+00  -4.3921170e+00
   2.8493946e+00  -4.4298801e+00
   2.8222270e+00  -4.5464690e+00
   2.7724365e+00  -4.6287365e+00
   2.6962040e+00  -4.5014620e+00
   2.6258347e+00  -4.5170742e+00
   2.6686972e+00  -4.5908082e+00
   2.6249071e+00  -4.6395077e+00
   2.6092071e+00  -4.7226734e+00
   2.7002545e+00  -4.7726836e+00
   2.7743128e+00  -4.8383471e+00
   2.8946710e+00  -4.8500801e+00
   2.9823474e+00  -4.8820365e+00
   2.9903770e+00  -4.9926001e+00
   2.8326183e+00  -4.9400307e+00
   2.6505024e+00  -4.9328248e+00
   2.5320469e+00  -4.9694218e+00
   2.3969686e+00  -4.9319798e+00
   2.3014239e+00  -4.9534651e+00
   2.3014239e+00  -4.9534651e+00
   2.1945545e+00  -4.9290502e+00
   2.0840008e+00  -4.9287206e+00
   1.9943997e+00  -4.8749623e+00
   1.9009324e+00  -4.8456282e+00
   1.9033615e+00  -4.9791951e+00
   1.9923498e+00  -5.0141946e+00
   2.0868057e+00  -5.1212248e+00
   2.1863958e+00  -5.1308954e+00
   2.2232333e+00  -5.2173433e+00
   2.2336852e+00  -5.3476595e+00
   2.3299882e+00  -5.4441406e+00
   2.3666235e+00  -5.5754157e+00
   2.2853633e+00  -5.7283084e+00
   2.2883437e+00  -5.8844661e+00
   2.3368208e+00  -6.0623125e+00
   2.3321536e+00  -6.2376282e+00
   2.3255209e+00  -6.4171808e+00
   2.3012274e+00  -6.4449594e+00
   2.2765516e+00  -6.4726531e+00
   2.2514917e+00  -6.5002558e+00
   2.2260460e+00  -6.5277616e+00
   2.2004511e+00  -6.4997618e+00
   2.1752273e+00  -6.4719280e+00
   2.1503683e+00  -6.4442600e+00
   2.1258676e+00  -6.4167577e+00
   2.1274780e+00  -6.3895084e+00
   2.1289975e+00  -6.3624538e+00
   2.1304279e+00  -6.3355923e+00
   2.1317711e+00  -6.3089220e+00
   2.0823912e+00  -6.2998749e+00
   2.0334832e+00  -6.2902612e+00
   1.9850529e+00  -6.2800959e+00
   1.9371051e+00  -6.2693942e+00
   1.9275043e+00  -6.2383215e+00
   1.9179960e+00  -6.2075483e+00
   1.9085790e+00  -6.1770703e+00
   1.8992519e+00  -6.1468832e+00
   1.8992428e+00  -6.1074459e+00
   1.8990962e+00  -6.0684574e+00
   1.8988167e+00  -6.0299106e+00
   1.8984088e+00  -5.9917987e+00
   1.9028654e+00  -5.9517162e+00
   1.9070702e+00  -5.9120677e+00
   1.9110306e+00  -5.8728476e+00
   1.9147539e+00  -5.8340505e+00
   1.8821733e+00  -5.8077077e+00
   1.8501432e+00  -5.7814255e+00
   1.8186538e+00  -5.7552086e+00
   1.7876953e+00  -5.7290617e+00
   1.7757452e+00  -5.6907651e+00
   1.7639496e+00  -5.6529633e+00
   1.7523053e+00  -5.6156468e+00
   1.7408096e+00  -5.5788062e+00
   1.7294595e+00  -5.5424322e+00
   1.7182522e+00  -5.5065162e+00
   1.7071851e+00  -5.4710493e+00
   1.6962556e+00  -5.4360231e+00
   1.6859094e+00  -5.3952597e+00
   1.6756791e+00  -5.3550833e+00
   1.6655630e+00  -5.3154810e+00
   1.6555592e+00  -5.2764406e+00
   1.6453075e+00  -5.2437674e+00
   1.6351780e+00  -5.2114836e+00
   1.6251685e+00  -5.1795823e+00
   1.6152768e+00  -5.1480566e+00
   1.5844182e+00  -5.1290598e+00
   1.5540218e+00  -5.1099890e+00
   1.5240818e+00  -5.0908508e+00
   1.4945922e+00  -5.0716518e+00
   1.4945922e+00  -5.0716518e+00
   1.5014066e+00  -4.9635046e+00
   1.4723612e+00  -4.8674833e+00
   1.5001159e+00  -4.7577596e+00
   1.5327301e+00  -4.6700650e+00
   1.6168656e+00  -4.5658877e+00
   1.5026829e+00  -4.5119725e+00
   1.4456989e+00  -4.5851711e+00
   1.3854562e+00  -4.6772218e+00
   1.3700941e+00  -4.7780858e+00
   1.3258503e+00  -4.8900580e+00
   1.3910176e+00  -5.0158476e+00
   1.4173641e+00  -5.1387010e+00
   1.4011473e+00  -5.1599454e+00
   1.3846708e+00  -5.1811883e+00
   1.3679323e+00  -5.2024266e+00
   1.3509296e+00  -5.2236572e+00
   1.3882540e+00  -5.2196768e+00
   1.4255957e+00  -5.2151913e+00
   1.4629447e+00  -5.2101989e+00
   1.5002910e+00  -5.2046982e+00
   1.5681686e+00  -5.3523136e+00
   1.5932030e+00  -5.4945774e+00
   1.5784698e+00  -5.6268934e+00
   1.6641802e+00  -5.7393609e+00
   1.7613255e+00  -5.8227712e+00
   1.7499644e+00  -6.0038560e+00
   1.6692173e+00  -6.0891027e+00
   1.6466949e+00  -6.2193027e+00
   1.6894764e+00  -6.3406111e+00
   1.8165644e+00  -6.4067963e+00
   1.7967133e+00  -6.4787389e+00
   1.6506890e+00  -6.3827406e+00
   1.5764019e+00  -6.2070973e+00
   1.5837565e+00  -6.0498246e+00
   1.5406127e+00  -5.8850186e+00
   1.3648182e+00  -5.8742449e+00
   1.3648182e+00  -5.8742449e+00
   1.1913758e+00  -5.8557991e+00
   1.2593025e+00  -5.9245526e+00
   1.4250704e+00  -5.9725708e+00
   1.5120467e+00  -6.1007641e+00
   1.4353582e+00  -6.1778523e+00
   1.3268938e+00  -6.1113022e+00
   1.2771112e+00  -6.1832390e+00
   1.3186986e+00  -6.2050296e+00
   1.3609144e+00  -6.2265491e+00
   1.4037626e+00  -6.2477830e+00
   1.4472472e+00  -6.2687165e+00
   1.4321050e+00  -6.2960910e+00
   1.4166808e+00  -6.3235621e+00
   1.4009707e+00  -6.3511283e+00
   1.3849706e+00  -6.3787878e+00
   1.2826554e+00  -6.3044528e+00
   1.1724322e+00  -6.3258781e+00
   1.0380637e+00  -6.2568791e+00
   9.0758839e-01  -6.1313660e+00
   8.7632878e-01  -6.1501052e+00
   8.4473407e-01  -6.1685935e+00
   8.1280605e-01  -6.1868238e+00
   7.8054671e-01  -6.2047892e+00
   8.0283737e-01  -6.2392885e+00
   8.2558032e-01  -6.2740625e+00
   8.4878586e-01  -6.3091123e+00
   8.7246454e-01  -6.3444389e+00
   1.0306205e+00  -6.3844224e+00
   1.0612627e+00  -6.5742427e+00
   1.1584913e+00  -6.7988860e+00
   9.6460182e-01  -6.8634986e+00
   7.5876677e-01  -6.9282500e+00
   5.8293478e-01  -7.0153999e+00
   3.7051263e-01  -7.0698022e+00
   4.4364949e-01  -7.2536051e+00
   4.4325567e-01  -7.4171081e+00
   3.3132214e-01  -7.5885246e+00
   1.8031458e-01  -7.7664726e+00
  -8.0017396e-02  -7.9043146e+00
  -3.0291743e-01  -7.9942816e+00
  -4.6440581e-01  -8.1784459e+00
  -6.7833343e-01  -8.1634866e+00
  -6.7833343e-01  -8.1634866e+00
  -7.6093005e-01  -8.1948245e+00
  -8.4487796e-01  -8.2248465e+00
  -9.3015688e-01  -8.2534957e+00
  -1.0167439e+00  -8.2807147e+00
  -9.9852785e-01  -8.2320607e+00
  -9.8066605e-01  -8.1839326e+00
  -9.6315003e-01  -8.1363223e+00
  -9.4597152e-01  -8.0892223e+00
  -1.0455064e+00  -8.1039329e+00
  -1.1459941e+00  -8.1163790e+00
  -1.2473625e+00  -8.1265069e+00
  -1.3495363e+00  -8.1342655e+00
  -1.3429860e+00  -8.1860264e+00
  -1.3361700e+00  -8.2383855e+00
  -1.3290801e+00  -8.2913524e+00
  -1.3217081e+00  -8.3449367e+00
  -1.6121371e+00  -8.2937262e+00
  -1.6747091e+00  -8.6156312e+00
  -1.9636276e+00  -8.8573516e+00
  -2.2670329e+00  -9.0387887e+00
  -2.3318126e+00  -8.9584781e+00
  -2.3943492e+00  -8.8781139e+00
  -2.4546861e+00  -8.7977542e+00
  -2.5128677e+00  -8.7174541e+00
  -2.4255117e+00  -8.6793290e+00
  -2.3399174e+00  -8.6403326e+00
  -2.2560697e+00  -8.6005233e+00
  -2.1739523e+00  -8.5599577e+00
  -2.2394378e+00  -8.5438376e+00
  -2.3046802e+00  -8.5267301e+00
  -2.3696571e+00  -8.5086408e+00
  -2.4343467e+00  -8.4895759e+00
  -2.4863835e+00  -8.4607111e+00
  -2.5378871e+00  -8.4312625e+00
  -2.5888491e+00  -8.4012431e+00
  -2.6392609e+00  -8.3706662e+00
  -2.5737993e+00  -8.3030942e+00
  -2.5101957e+00  -8.2361831e+00
  -2.4483889e+00  -8.1699398e+00
  -2.3883200e+00  -8.1043697e+00
  -2.4382677e+00  -8.0899699e+00
  -2.4880407e+00  -8.0749640e+00
  -2.5376278e+00  -8.0593553e+00
  -2.5870183e+00  -8.0431472e+00
  -2.6848715e+00  -8.1805166e+00
  -2.8853537e+00  -8.1119739e+00
  -3.0904986e+00  -7.9801719e+00
  -3.2223739e+00  -7.8103257e+00
  -3.2878674e+00  -7.5615774e+00
  -3.2322020e+00  -7.3180029e+00
  -3.1017302e+00  -7.0760029e+00
  -2.8911707e+00  -6.9799035e+00
  -2.6332379e+00  -6.8598192e+00
  -2.4211058e+00  -6.7730585e+00
  -2.2028279e+00  -6.6490559e+00
  -2.0460707e+00  -6.6220589e+00
  -1.9198701e+00  -6.4813727e+00
  -2.0416928e+00  -6.4440347e+00
  -2.2030264e+00  -6.4602579e+00
  -2.3780908e+00  -6.4739198e+00
  -2.3780908e+00  -6.4739198e+00
  -2.3684898e+00  -6.5058321e+00
  -2.3586333e+00  -6.5379313e+00
  -2.3485166e+00  -6.5702174e+00
  -2.3381353e+00  -6.6026903e+00
  -2.3664632e+00  -6.6217962e+00
  -2.3951188e+00  -6.6408869e+00
  -2.4241057e+00  -6.6599593e+00
  -2.4534276e+00  -6.6790104e+00
  -2.5422473e+00  -6.5644975e+00
  -2.6108863e+00  -6.4621705e+00
  -2.7232691e+00  -6.4156200e+00
  -2.7688785e+00  -6.3166656e+00
  -2.9267572e+00  -6.3253827e+00
  -3.0617579e+00  -6.2998440e+00
  -3.1735013e+00  -6.1617335e+00
  -3.3252215e+00  -6.0811982e+00
  -3.2254694e+00  -5.9405757e+00
  -3.3455781e+00  -5.7947113e+00
  -3.5289180e+00  -5.6474493e+00
  -3.6765252e+00  -5.5905934e+00
  -3.7004650e+00  -5.7354003e+00
  -3.7959573e+00  -5.8452616e+00
  -3.9806844e+00  -5.7210599e+00
  -4.1226814e+00  -5.4869060e+00
  -4.2358450e+00  -5.3099519e+00
  -4.2227250e+00  -5.0628792e+00
  -4.0735385e+00  -4.9415973e+00
  -3.9143325e+00  -4.8771572e+00
  -3.8629173e+00  -4.6994470e+00
  -3.8509317e+00  -4.5360459e+00
  -3.8879689e+00  -4.4333788e+00
  -3.8879689e+00  -4.4333788e+00
  -4.0157873e+00  -4.4599837e+00
  -4.1284870e+00  -4.5451098e+00
  -4.2527862e+00  -4.6281116e+00
  -4.2266556e+00  -4.4539657e+00
  -4.2578015e+00  -4.3448888e+00
  -4.3609863e+00  -4.3609863e+00
  -4.4457989e+00  -4.3188236e+00
  -4.4664868e+00  -4.2134218e+00
  -4.6247855e+00  -4.0801669e+00
  -4.6482521e+00  -4.0436943e+00
  -4.6711752e+00  -4.0069828e+00
  -4.6935517e+00  -3.9700443e+00
  -4.7153791e+00  -3.9328905e+00
  -4.7343005e+00  -3.9659268e+00
  -4.7532967e+00  -3.9994197e+00
  -4.7723661e+00  -4.0333775e+00
  -4.7915071e+00  -4.0678086e+00
  -4.8573897e+00  -4.1735913e+00
  -4.9588010e+00  -4.1979349e+00
  -5.0613077e+00  -4.0737610e+00
  -5.1236583e+00  -4.1981476e+00
  -5.2247593e+00  -4.0207017e+00
  -5.2971690e+00  -3.8726840e+00
  -5.3632262e+00  -3.7206024e+00
  -5.3852586e+00  -3.5199887e+00
  -5.4855538e+00  -3.3615517e+00
  -5.5113843e+00  -3.2038401e+00
  -5.3677764e+00  -3.0990872e+00
  -5.3296767e+00  -2.9945456e+00
  -5.3765634e+00  -2.9095229e+00
  -5.3454131e+00  -2.7921390e+00
  -5.2488625e+00  -2.7417065e+00
  -5.3250766e+00  -2.6549852e+00
  -5.3741729e+00  -2.5541442e+00
  -5.4826430e+00  -2.4410300e+00
  -5.5208864e+00  -2.2868260e+00
  -5.5208864e+00  -2.2868260e+00
  -5.5486787e+00  -2.1488489e+00
  -5.5060627e+00  -2.0400325e+00
  -5.4787191e+00  -2.0207950e+00
  -5.4516129e+00  -2.0018388e+00
  -5.4247413e+00  -1.9831584e+00
  -5.3981016e+00  -1.9647483e+00
  -5.3646749e+00  -1.9660489e+00
  -5.3315908e+00  -1.9671944e+00
  -5.2988450e+00  -1.9681895e+00
  -5.2664331e+00  -1.9690387e+00
  -5.2600567e+00  -1.9358359e+00
  -5.2533906e+00  -1.9028986e+00
  -5.2464415e+00  -1.8702286e+00
  -5.2392158e+00  -1.8378275e+00
  -5.2878978e+00  -1.6926694e+00
  -5.3612568e+00  -1.5373157e+00
  -5.3794562e+00  -1.3742063e+00
  -5.3669366e+00  -1.2390549e+00
  -5.4486656e+00  -1.1909901e+00
  -5.5524428e+00  -1.1549098e+00
  -5.5269081e+00  -1.0323360e+00
  -5.4533158e+00  -1.0432352e+00
  -5.4358622e+00  -1.1306610e+00
  -5.3490875e+00  -1.1048222e+00
  -5.3229645e+00  -1.0028983e+00
  -5.2426781e+00  -9.6410329e-01
  -5.2765736e+00  -8.9057117e-01
  -5.3499310e+00  -8.4734582e-01
  -5.4554999e+00  -9.0510879e-01
  -5.6177361e+00  -9.3202500e-01
  -5.6160893e+00  -7.8928988e-01
  -5.6099913e+00  -6.5604477e-01
  -5.5981828e+00  -5.2228428e-01
  -5.6099362e+00  -3.7556197e-01
  -5.5465781e+00  -2.4992855e-01
  -5.5066251e+00  -1.2784759e-01
  -5.4404973e+00  -2.3738799e-02
  -5.4166185e+00  -6.6334445e-16
  -5.4166185e+00  -6.6334445e-16
  -5.3299009e+00   8.5589729e-02
  -5.2444827e+00   1.6756327e-01
  -5.1781240e+00   2.7862440e-01
  -5.0906032e+00   3.7115082e-01
  -5.0082089e+00   4.3816151e-01
  -4.9100721e+00   4.7278617e-01
  -4.8977755e+00   5.8662547e-01
  -4.8459831e+00   7.0954402e-01
  -4.7462424e+00   7.6617343e-01
  -4.7212339e+00   7.8355431e-01
  -4.6962985e+00   8.0057437e-01
  -4.6714397e+00   8.1723929e-01
  -4.6466608e+00   8.3355472e-01
  -4.6369754e+00   8.1604872e-01
  -4.6272300e+00   7.9869306e-01
  -4.6174265e+00   7.8148711e-01
  -4.6075667e+00   7.6443024e-01
  -4.5500182e+00   7.1414114e-01
  -4.5627800e+00   6.2745718e-01
  -4.4686536e+00   6.1451325e-01
  -4.4144450e+00   5.6158833e-01
  -4.3423900e+00   5.3317844e-01
  -4.3809435e+00   4.6045572e-01
  -4.4481413e+00   3.8290438e-01
  -4.4987673e+00   3.2800065e-01
  -4.5790814e+00   3.2020057e-01
  -4.6149448e+00   2.4185901e-01
  -4.5864681e+00   1.8661698e-01
  -4.6041425e+00   1.2056371e-01
  -4.6875552e+00   9.5734836e-02
  -4.7714383e+00   8.3285765e-02
  -4.7046255e+00   6.5689007e-03
  -4.6385032e+00   6.0721333e-02
  -4.5425147e+00   2.6163296e-02
  -4.5200410e+00  -5.5354538e-16
  -4.5200410e+00  -5.5354538e-16
  -4.4957318e+00  -3.2956026e-02
  -4.4488243e+00  -1.0328857e-01
  -4.4603421e+00  -1.9474274e-01
  -4.3849270e+00  -1.9145005e-01
  -4.3872402e+00  -1.2791111e-01
  -4.3301457e+00  -1.0733890e-01
  -4.2459627e+00  -8.6716108e-02
  -4.1649429e+00  -5.4522089e-02
  -4.1130144e+00  -2.3689524e-02
  -4.0477701e+00  -7.0654090e-02
  -4.0845784e+00  -1.3050388e-01
  -4.0810621e+00  -2.1387940e-01
  -4.0397188e+00  -2.6477716e-01
  -4.0093881e+00  -3.2751829e-01
  -3.9560608e+00  -3.7535116e-01
  -3.9391863e+00  -4.2584580e-01
  -3.8846614e+00  -4.7147160e-01
  -3.8321185e+00  -5.1607972e-01
  -3.7793084e+00  -5.6482143e-01
  -3.7374193e+00  -6.1403544e-01
  -3.7374193e+00  -6.1403544e-01
  -3.6687771e+00  -6.2513864e-01
  -3.7057333e+00  -6.6476372e-01
  -3.7306152e+00  -7.1367753e-01
  -3.7292475e+00  -7.7568460e-01
  -3.6977451e+00  -8.1977036e-01
  -3.6555757e+00  -8.5538843e-01
  -3.5924871e+00  -8.8439423e-01
  -3.6660533e+00  -9.0250467e-01
  -3.6319315e+00  -9.5078712e-01
  -3.5793863e+00  -9.7585272e-01
  -3.5905139e+00  -1.0180438e+00
  -3.5541044e+00  -1.0642543e+00
  -3.5012178e+00  -1.0590806e+00
  -3.4468482e+00  -1.0590720e+00
  -3.3874974e+00  -1.0791343e+00
  -3.3338790e+00  -1.0883917e+00
  -3.2911139e+00  -1.0642696e+00
  -3.3187211e+00  -1.0412965e+00
  -3.3021217e+00  -9.9885623e-01
  -3.2487022e+00  -1.0137244e+00
  -3.2052234e+00  -1.0001573e+00
  -3.1959792e+00  -9.7223143e-01
  -3.1487745e+00  -9.4767357e-01
  -3.1250807e+00  -9.6558129e-01
  -3.1425963e+00  -9.9568303e-01
  -3.1171330e+00  -1.0176319e+00
  -3.0716080e+00  -1.0229790e+00
  -3.0263186e+00  -1.0026174e+00
  -2.9949326e+00  -9.6849149e-01
  -2.9654903e+00  -9.8246502e-01
  -2.9654903e+00  -9.8246502e-01
  -2.9639289e+00  -1.0107358e+00
  -2.9362906e+00  -1.0444113e+00
  -2.8974853e+00  -1.0591823e+00
  -2.8533138e+00  -1.0481191e+00
  -2.8209160e+00  -1.0311922e+00
  -2.8071764e+00  -1.0680285e+00
  -2.7685952e+00  -1.0861156e+00
  -2.7199021e+00  -1.0757873e+00
  -2.6662479e+00  -1.0815670e+00
  -2.6239161e+00  -1.0959939e+00
  -2.5872856e+00  -1.1158675e+00
  -2.6077645e+00  -1.1338883e+00
  -2.6386266e+00  -1.1473075e+00
  -2.6745994e+00  -1.1673921e+00
  -2.7123148e+00  -1.2030654e+00
  -2.7566564e+00  -1.2273425e+00
  -2.8012215e+00  -1.2571563e+00
  -2.8320724e+00  -1.2805153e+00
  -2.8711692e+00  -1.3084672e+00
  -2.9062828e+00  -1.3293732e+00
  -2.9606330e+00  -1.3492382e+00
  -3.0132480e+00  -1.3573692e+00
  -3.0673602e+00  -1.3656767e+00
  -3.0999234e+00  -1.3369625e+00
  -3.1499218e+00  -1.3370625e+00
  -3.1799250e+00  -1.3609472e+00
  -3.1956218e+00  -1.3236699e+00
  -3.2391439e+00  -1.2922874e+00
  -3.3014025e+00  -1.2672897e+00
  -3.3618874e+00  -1.2456015e+00
  -3.3618874e+00  -1.2456015e+00
  -3.4190893e+00  -1.2390431e+00
  -3.4868269e+00  -1.2060592e+00
  -3.5507558e+00  -1.1825560e+00
  -3.6005122e+00  -1.1754379e+00
  -3.6478147e+00  -1.1382634e+00
  -3.6849203e+00  -1.0915231e+00
  -3.7350875e+00  -1.0886787e+00
  -3.8183551e+00  -1.1006678e+00
  -3.8931134e+00  -1.1104519e+00
  -3.9427604e+00  -1.0749199e+00
  -3.9619530e+00  -1.1047065e+00
  -3.9132712e+00  -1.1777609e+00
  -3.8453223e+00  -1.1815065e+00
  -3.7873897e+00  -1.1637062e+00
  -3.7610711e+00  -1.2039284e+00
  -3.7038358e+00  -1.2270784e+00
  -3.6455479e+00  -1.2552628e+00
  -3.5831996e+00  -1.2921510e+00
  -3.6212405e+00  -1.3237527e+00
  -3.6625263e+00  -1.3453704e+00
  -3.6848163e+00  -1.3445688e+00
  -3.7073253e+00  -1.3436678e+00
  -3.7300562e+00  -1.3426646e+00
  -3.7530117e+00  -1.3415561e+00
  -3.7426394e+00  -1.3532141e+00
  -3.7322166e+00  -1.3647691e+00
  -3.7217443e+00  -1.3762210e+00
  -3.7112240e+00  -1.3875698e+00
  -3.7166078e+00  -1.4393388e+00
  -3.6823867e+00  -1.4937650e+00
  -3.6329738e+00  -1.5480960e+00
  -3.5632166e+00  -1.5619180e+00
  -3.4940576e+00  -1.5739582e+00
  -3.4326630e+00  -1.6006771e+00
  -3.3684941e+00  -1.6066893e+00
  -3.3014947e+00  -1.5981381e+00
  -3.3014947e+00  -1.5981381e+00
  -3.3105752e+00  -1.5557217e+00
  -3.3058123e+00  -1.5474674e+00
  -3.3010456e+00  -1.5392591e+00
  -3.2962753e+00  -1.5310964e+00
  -3.2915015e+00  -1.5229791e+00
  -3.2812643e+00  -1.5386680e+00
  -3.2708928e+00  -1.5542374e+00
  -3.2603891e+00  -1.5696857e+00
  -3.2497550e+00  -1.5850114e+00
  -3.2409038e+00  -1.6278792e+00
  -3.2105769e+00  -1.6415213e+00
  -3.1655623e+00  -1.6831593e+00
  -3.1456639e+00  -1.7200606e+00
  -3.1647927e+00  -1.7485011e+00
  -3.2098701e+00  -1.7305056e+00
  -3.2271330e+00  -1.7646082e+00
  -3.2027776e+00  -1.7877718e+00
  -3.1907482e+00  -1.8295780e+00
  -3.1878086e+00  -1.8777628e+00
  -3.1625339e+00  -1.9002421e+00
  -3.1327923e+00  -1.8883300e+00
  -3.1116672e+00  -1.8822665e+00
  -3.0982383e+00  -1.9232357e+00
  -3.0644087e+00  -1.9582643e+00
  -3.0502648e+00  -2.0189262e+00
  -3.0038925e+00  -2.0322593e+00
  -3.0081649e+00  -2.0612762e+00
  -2.9750487e+00  -2.1087914e+00
  -2.9377921e+00  -2.1603920e+00
  -2.8917236e+00  -2.2052968e+00
  -2.8414750e+00  -2.2200036e+00
  -2.7973344e+00  -2.2115808e+00
  -2.7482063e+00  -2.2254536e+00
  -2.7011852e+00  -2.2203581e+00
  -2.6593594e+00  -2.2117658e+00
  -2.6154343e+00  -2.2204049e+00
  -2.6154343e+00  -2.2204049e+00
  -2.5618068e+00  -2.2269447e+00
  -2.5147265e+00  -2.2248421e+00
  -2.4529012e+00  -2.2148115e+00
  -2.3958771e+00  -2.2147260e+00
  -2.3449597e+00  -2.2190692e+00
  -2.2902175e+00  -2.2178255e+00
  -2.2438370e+00  -2.2305612e+00
  -2.2300071e+00  -2.2106311e+00
  -2.2441847e+00  -2.1732477e+00
  -2.2779152e+00  -2.1488517e+00
  -2.2501015e+00  -2.1226139e+00
  -2.2222406e+00  -2.0963315e+00
  -2.2652329e+00  -2.1064583e+00
  -2.2922698e+00  -2.0880001e+00
  -2.2638326e+00  -2.0620969e+00
  -2.2552553e+00  -2.0604502e+00
  -2.2467202e+00  -2.0587878e+00
  -2.2382269e+00  -2.0571098e+00
  -2.2297752e+00  -2.0554167e+00
  -2.2408208e+00  -2.0490711e+00
  -2.2518453e+00  -2.0426312e+00
  -2.2628477e+00  -2.0360969e+00
  -2.2738268e+00  -2.0294680e+00
  -2.3285044e+00  -2.0362989e+00
  -2.3521566e+00  -2.0089315e+00
  -2.3635017e+00  -1.9712929e+00
  -2.3488035e+00  -1.9534793e+00
  -2.3484196e+00  -1.9187393e+00
  -2.3504679e+00  -1.8810601e+00
  -2.3138549e+00  -1.8683795e+00
  -2.2867384e+00  -1.8464836e+00
  -2.2784599e+00  -1.8234327e+00
  -2.2487027e+00  -1.8157708e+00
  -2.2125561e+00  -1.8077342e+00
  -2.1790006e+00  -1.7962295e+00
  -2.1466767e+00  -1.7746236e+00
  -2.1466767e+00  -1.7746236e+00
  -2.1200211e+00  -1.7476105e+00
  -2.0870917e+00  -1.7204656e+00
  -2.0587469e+00  -1.7073844e+00
  -2.0269648e+00  -1.6906022e+00
  -1.9809253e+00  -1.6918700e+00
  -1.9407325e+00  -1.6870530e+00
  -1.9052344e+00  -1.6856090e+00
  -1.8700076e+00  -1.6690456e+00
  -1.8407326e+00  -1.6620628e+00
  -1.8098024e+00  -1.6583784e+00
  -1.7742820e+00  -1.6591824e+00
  -1.7355510e+00  -1.6567908e+00
  -1.6987899e+00  -1.6595171e+00
  -1.6770566e+00  -1.6480389e+00
  -1.6426727e+00  -1.6426727e+00
  -1.6136491e+00  -1.6518364e+00
  -1.5839410e+00  -1.6546064e+00
  -1.5585465e+00  -1.6666648e+00
  -1.5457613e+00  -1.6969836e+00
  -1.5579996e+00  -1.7104193e+00
  -1.5406057e+00  -1.7261028e+00
  -1.5239218e+00  -1.7224802e+00
  -1.4989279e+00  -1.7140216e+00
  -1.4887304e+00  -1.7228862e+00
  -1.4723818e+00  -1.7136159e+00
  -1.4488469e+00  -1.7217805e+00
  -1.4170726e+00  -1.7141645e+00
  -1.4115218e+00  -1.7019988e+00
  -1.3952748e+00  -1.6824082e+00
  -1.3778164e+00  -1.6863631e+00
  -1.3778164e+00  -1.6863631e+00
  -1.3524522e+00  -1.6851205e+00
  -1.3300748e+00  -1.6871918e+00
  -1.3128767e+00  -1.6907218e+00
  -1.3085173e+00  -1.6927258e+00
  -1.3041544e+00  -1.6947124e+00
  -1.2997881e+00  -1.6966818e+00
  -1.2954184e+00  -1.6986340e+00
  -1.2948424e+00  -1.6952622e+00
  -1.2942637e+00  -1.6918990e+00
  -1.2936822e+00  -1.6885444e+00
  -1.2935364e+00  -1.6877070e+00
  -1.2933905e+00  -1.6868702e+00
  -1.2932443e+00  -1.6860339e+00
  -1.2930980e+00  -1.6851982e+00
  -1.2921808e+00  -1.6846524e+00
  -1.2912643e+00  -1.6841067e+00
  -1.2903488e+00  -1.6835612e+00
  -1.2894341e+00  -1.6830159e+00
  -1.2857840e+00  -1.6808358e+00
  -1.2821477e+00  -1.6786579e+00
  -1.2785250e+00  -1.6764823e+00
  -1.2803910e+00  -1.6713342e+00
  -1.2822343e+00  -1.6661913e+00
  -1.2840551e+00  -1.6610537e+00
  -1.2858536e+00  -1.6559214e+00
  -1.2883957e+00  -1.6343222e+00
  -1.2834432e+00  -1.6135092e+00
  -1.2832901e+00  -1.5943807e+00
  -1.2808057e+00  -1.5721028e+00
  -1.2711780e+00  -1.5514180e+00
  -1.2598173e+00  -1.5326357e+00
  -1.2462581e+00  -1.5161401e+00
  -1.2326849e+00  -1.5044388e+00
  -1.2153954e+00  -1.4966108e+00
  -1.1938039e+00  -1.5008172e+00
  -1.1718107e+00  -1.5134145e+00
  -1.1525071e+00  -1.5200240e+00
  -1.1286378e+00  -1.5208209e+00
  -1.1339467e+00  -1.5419886e+00
  -1.1461036e+00  -1.5585200e+00
  -1.1679718e+00  -1.5641040e+00
  -1.1757638e+00  -1.5889535e+00
  -1.1816575e+00  -1.6163052e+00
  -1.2000535e+00  -1.6070665e+00
  -1.2063323e+00  -1.6255129e+00
  -1.2007971e+00  -1.6479119e+00
  -1.1770445e+00  -1.6605553e+00
  -1.1707403e+00  -1.6876151e+00
  -1.1707403e+00  -1.6876151e+00
  -1.1891470e+00  -1.6982780e+00
  -1.2054518e+00  -1.7107378e+00
  -1.2266347e+00  -1.7247674e+00
  -1.2207883e+00  -1.7382955e+00
  -1.2107849e+00  -1.7505531e+00
  -1.1970347e+00  -1.7693429e+00
  -1.1769222e+00  -1.7781355e+00
  -1.1568927e+00  -1.7814586e+00
  -1.1346863e+00  -1.7866007e+00
  -1.1154837e+00  -1.7796131e+00
  -1.0937571e+00  -1.7792681e+00
  -1.0790623e+00  -1.7838509e+00
  -1.1049557e+00  -1.7911729e+00
  -1.1024866e+00  -1.8111349e+00
  -1.1141492e+00  -1.8181263e+00
  -1.1338751e+00  -1.8202300e+00
  -1.1553772e+00  -1.8311620e+00
  -1.1556559e+00  -1.8551950e+00
  -1.1362412e+00  -1.8724676e+00
  -1.1137266e+00  -1.8660716e+00
  -1.0900576e+00  -1.8564732e+00
  -1.0696593e+00  -1.8586928e+00
  -1.0474265e+00  -1.8573663e+00
  -1.0341533e+00  -1.8466137e+00
  -1.0203172e+00  -1.8407010e+00
  -9.9960593e-01  -1.8471911e+00
  -9.8981922e-01  -1.8615792e+00
  -9.7184289e-01  -1.8534453e+00
  -9.6158570e-01  -1.8409086e+00
  -9.6537046e-01  -1.8217295e+00
  -9.6537046e-01  -1.8217295e+00
  -9.7296997e-01  -1.8047369e+00
  -9.8323192e-01  -1.7862761e+00
  -9.7696293e-01  -1.7683061e+00
  -9.8418510e-01  -1.7516475e+00
  -9.9699879e-01  -1.7443861e+00
  -1.0101192e+00  -1.7495778e+00
  -1.0258021e+00  -1.7533418e+00
  -1.0449731e+00  -1.7508737e+00
  -1.0495465e+00  -1.7350569e+00
  -1.0600690e+00  -1.7244661e+00
  -1.0750773e+00  -1.7151497e+00
  -1.0782914e+00  -1.7119590e+00
  -1.0814918e+00  -1.7087594e+00
  -1.0846784e+00  -1.7055513e+00
  -1.0878513e+00  -1.7023345e+00
  -1.0830126e+00  -1.6988642e+00
  -1.0782011e+00  -1.6954006e+00
  -1.0734168e+00  -1.6919439e+00
  -1.0686594e+00  -1.6884939e+00
  -1.0628536e+00  -1.7009213e+00
  -1.0422694e+00  -1.7008290e+00
  -1.0185351e+00  -1.7065763e+00
  -1.0047954e+00  -1.6942886e+00
  -9.8464397e-01  -1.6938271e+00
  -9.6275985e-01  -1.6899531e+00
  -9.4864885e-01  -1.6822072e+00
  -9.3290983e-01  -1.6712999e+00
  -9.4475249e-01  -1.6529740e+00
  -9.5636256e-01  -1.6346529e+00
  -9.5113411e-01  -1.6147053e+00
  -9.4774105e-01  -1.5980833e+00
  -9.4389385e-01  -1.5815133e+00
  -9.3816056e-01  -1.5663110e+00
  -9.4403530e-01  -1.5557220e+00
  -9.4873358e-01  -1.5379312e+00
  -9.4502759e-01  -1.5223930e+00
  -9.4502759e-01  -1.5223930e+00
  -9.2956838e-01  -1.5318813e+00
  -9.3694116e-01  -1.5093662e+00
  -9.3301491e-01  -1.4977855e+00
  -9.2032473e-01  -1.5018335e+00
  -9.0870206e-01  -1.5022200e+00
  -8.9757973e-01  -1.4985591e+00
  -8.8285942e-01  -1.5035947e+00
  -8.8862750e-01  -1.4936485e+00
  -9.0516306e-01  -1.4869772e+00
  -9.1083980e-01  -1.4765040e+00
  -9.1989711e-01  -1.4675794e+00
  -9.1324007e-01  -1.4614896e+00
  -9.0066607e-01  -1.4458553e+00
  -8.9434878e-01  -1.4497714e+00
  -8.8121366e-01  -1.4380100e+00
  -8.7884445e-01  -1.4296592e+00
  -8.7052416e-01  -1.4250287e+00
  -8.6205259e-01  -1.4301694e+00
  -8.5007169e-01  -1.4243124e+00
  -8.3706091e-01  -1.4165210e+00
  -8.2405186e-01  -1.4085022e+00
  -8.1067624e-01  -1.4041324e+00
  -8.0383107e-01  -1.4109820e+00
  -7.9922475e-01  -1.3983533e+00
  -7.9217165e-01  -1.3905160e+00
  -7.7972297e-01  -1.3826566e+00
  -7.6876473e-01  -1.3772353e+00
  -7.5692191e-01  -1.3751298e+00
  -7.4702266e-01  -1.3661625e+00
  -7.3507235e-01  -1.3726294e+00
  -7.3507235e-01  -1.3726294e+00
  -7.3043752e-01  -1.3639746e+00
  -7.1888556e-01  -1.3617590e+00
  -7.0467165e-01  -1.3582888e+00
  -6.9139742e-01  -1.3569438e+00
  -6.7515499e-01  -1.3541514e+00
  -6.6017652e-01  -1.3535625e+00
  -6.4735830e-01  -1.3572149e+00
  -6.3452871e-01  -1.3607512e+00
  -6.2262991e-01  -1.3662366e+00
  -6.0989370e-01  -1.3589777e+00
  -6.0277365e-01  -1.3751125e+00
  -5.9306577e-01  -1.3639579e+00
  -5.8669343e-01  -1.3768150e+00
  -5.7928272e-01  -1.3647046e+00
  -5.6553993e-01  -1.3653342e+00
  -5.5277193e-01  -1.3681585e+00
  -5.3827915e-01  -1.3665012e+00
  -5.2363266e-01  -1.3698234e+00
  -5.1003168e-01  -1.3699700e+00
  -5.0285102e-01  -1.3630373e+00
  -5.0482185e-01  -1.3502074e+00
  -4.9734862e-01  -1.3481224e+00
  -4.8957579e-01  -1.3509646e+00
  -4.8938119e-01  -1.3630395e+00
  -4.8975933e-01  -1.3701048e+00
  -4.9555315e-01  -1.3802298e+00
  -4.8759542e-01  -1.3830611e+00
  -4.7968904e-01  -1.3931181e+00
  -4.6751368e-01  -1.3972511e+00
  -4.5385224e-01  -1.3968136e+00
  -4.5385224e-01  -1.3968136e+00
  -4.4152728e-01  -1.3935579e+00
  -4.2734586e-01  -1.3908367e+00
  -4.1481814e-01  -1.3852958e+00
  -4.0558400e-01  -1.3762823e+00
  -3.9115225e-01  -1.3713337e+00
  -3.8407935e-01  -1.3618427e+00
  -3.7654032e-01  -1.3504356e+00
  -3.8045922e-01  -1.3338452e+00
  -3.8756494e-01  -1.3227972e+00
  -3.8729089e-01  -1.3142077e+00
  -3.9364721e-01  -1.3013595e+00
  -3.9836854e-01  -1.2893102e+00
  -4.0648160e-01  -1.2759815e+00
  -4.1311493e-01  -1.2654223e+00
  -4.1742207e-01  -1.2533561e+00
  -4.2314831e-01  -1.2408599e+00
  -4.2237749e-01  -1.2266733e+00
  -4.2219249e-01  -1.2144187e+00
  -4.2009244e-01  -1.2029600e+00
  -4.1633913e-01  -1.1922122e+00
  -4.1321817e-01  -1.1832751e+00
  -4.0673810e-01  -1.1699648e+00
  -4.0370178e-01  -1.1612310e+00
  -3.9790823e-01  -1.1556094e+00
  -3.8608689e-01  -1.1538921e+00
  -3.7594308e-01  -1.1515604e+00
  -3.6606348e-01  -1.1491054e+00
  -3.5604659e-01  -1.1466574e+00
  -3.4442104e-01  -1.1502028e+00
  -3.4083704e-01  -1.1382340e+00
  -3.4083704e-01  -1.1382340e+00
  -3.3166070e-01  -1.1319906e+00
  -3.2125784e-01  -1.1330364e+00
  -3.1132028e-01  -1.1287021e+00
  -3.0127697e-01  -1.1243810e+00
  -3.0010523e-01  -1.1334494e+00
  -3.0277103e-01  -1.1435177e+00
  -3.0429088e-01  -1.1458260e+00
  -3.0581667e-01  -1.1481390e+00
  -3.0734844e-01  -1.1504567e+00
  -3.0888621e-01  -1.1527790e+00
  -3.0660281e-01  -1.1543207e+00
  -3.0431344e-01  -1.1558580e+00
  -3.0201809e-01  -1.1573907e+00
  -2.9971678e-01  -1.1589188e+00
  -2.9638780e-01  -1.1670298e+00
  -2.8455908e-01  -1.1699702e+00
  -2.7764716e-01  -1.1791253e+00
  -2.7449420e-01  -1.1889650e+00
  -2.7300014e-01  -1.1987091e+00
  -2.6934804e-01  -1.2069727e+00
  -2.6318957e-01  -1.2121777e+00
  -2.5621310e-01  -1.2232230e+00
  -2.4745341e-01  -1.2250251e+00
  -2.3709288e-01  -1.2288955e+00
  -2.3956934e-01  -1.2417315e+00
  -2.2942294e-01  -1.2475745e+00
  -2.1960080e-01  -1.2454180e+00
  -2.1560959e-01  -1.2328462e+00
  -2.1304332e-01  -1.2181724e+00
  -2.0790217e-01  -1.2099194e+00
  -2.0250046e-01  -1.1998015e+00
  -1.9607453e-01  -1.1934372e+00
  -1.9076665e-01  -1.1817491e+00
  -1.8881602e-01  -1.1696655e+00
  -1.9038995e-01  -1.1588372e+00
  -2.0077914e-01  -1.1587695e+00
  -2.0077914e-01  -1.1587695e+00
  -2.0021510e-01  -1.1448212e+00
  -2.0560486e-01  -1.1370098e+00
  -2.0714401e-01  -1.1264243e+00
  -2.0815278e-01  -1.1144058e+00
  -2.1381996e-01  -1.1082677e+00
  -2.2467195e-01  -1.1042979e+00
  -2.2937015e-01  -1.0950683e+00
  -2.3597827e-01  -1.0868500e+00
  -2.4253046e-01  -1.0788260e+00
  -2.4880011e-01  -1.0708479e+00
  -2.5292428e-01  -1.0600236e+00
  -2.5071941e-01  -1.0507828e+00
  -2.4853523e-01  -1.0416287e+00
  -2.4637136e-01  -1.0325598e+00
  -2.4422744e-01  -1.0235745e+00
  -2.4863718e-01  -1.0160963e+00
  -2.5192014e-01  -1.0044199e+00
  -2.5233074e-01  -9.9355468e-01
  -2.3930390e-01  -9.9677246e-01
  -2.3458065e-01  -1.0025005e+00
  -2.2821982e-01  -1.0085865e+00
  -2.2036972e-01  -1.0149614e+00
  -2.1576049e-01  -1.0220886e+00
  -2.0802899e-01  -1.0298534e+00
  -2.0822284e-01  -1.0392214e+00
  -2.0226111e-01  -1.0483561e+00
  -1.9775896e-01  -1.0587595e+00
  -2.0117514e-01  -1.0677535e+00
  -1.9765360e-01  -1.0748166e+00
  -1.9800242e-01  -1.0863034e+00
  -1.9800242e-01  -1.0863034e+00
  -1.9943191e-01  -1.0941461e+00
  -1.9668334e-01  -1.1064108e+00
  -1.9141479e-01  -1.1139685e+00
  -1.8607267e-01  -1.1215441e+00
  -1.8100051e-01  -1.1325553e+00
  -1.7417625e-01  -1.1422465e+00
  -1.6868424e-01  -1.1395747e+00
  -1.6653139e-01  -1.1485470e+00
  -1.6800827e-01  -1.1587329e+00
  -1.7484691e-01  -1.1699280e+00
  -1.7668405e-01  -1.1822206e+00
  -1.7825875e-01  -1.1927571e+00
  -1.8454042e-01  -1.1989784e+00
  -1.8592466e-01  -1.2079719e+00
  -1.8226909e-01  -1.2195910e+00
  -1.8954181e-01  -1.2314729e+00
  -1.8782678e-01  -1.2448856e+00
  -1.8257598e-01  -1.2592046e+00
  -1.8071429e-01  -1.2729500e+00
  -1.7876293e-01  -1.2849801e+00
  -1.7860665e-01  -1.2988023e+00
  -1.7840195e-01  -1.3108727e+00
  -1.7610387e-01  -1.3233607e+00
  -1.6977225e-01  -1.3345189e+00
  -1.6258642e-01  -1.3396209e+00
  -1.5763109e-01  -1.3318184e+00
  -1.4534017e-01  -1.3270916e+00
  -1.3499348e-01  -1.3221003e+00
  -1.2661593e-01  -1.3149567e+00
  -1.1697348e-01  -1.3158495e+00
  -1.1697348e-01  -1.3158495e+00
  -1.0955168e-01  -1.3184131e+00
  -9.8488270e-02  -1.3253198e+00
  -1.0335574e-01  -1.3371258e+00
  -1.0824789e-01  -1.3512951e+00
  -1.0749572e-01  -1.3658626e+00
  -1.0454983e-01  -1.3807980e+00
  -1.0162483e-01  -1.3938583e+00
  -9.3351763e-02  -1.3944368e+00
  -8.7945867e-02  -1.4056893e+00
  -9.2543287e-02  -1.4119377e+00
  -8.7056931e-02  -1.4233682e+00
  -7.8857520e-02  -1.4238460e+00
  -7.3090951e-02  -1.4329372e+00
  -6.3076687e-02  -1.4446937e+00
  -5.5175803e-02  -1.4561424e+00
  -5.1256776e-02  -1.4678020e+00
  -4.9597073e-02  -1.4794996e+00
  -4.5557660e-02  -1.4911142e+00
  -3.7263327e-02  -1.5032354e+00
  -2.3993731e-02  -1.4941537e+00
  -1.5055706e-02  -1.4872395e+00
  -6.4482166e-03  -1.4778130e+00
   6.4385277e-03  -1.4755925e+00
   1.9286086e-02  -1.4732643e+00
   3.2087580e-02  -1.4705530e+00
   4.2802040e-02  -1.4680729e+00
   4.7415614e-02  -1.4840386e+00
   5.1497925e-02  -1.4747076e+00
   6.2108014e-02  -1.4695912e+00
   7.4705533e-02  -1.4645909e+00
   7.4705533e-02  -1.4645909e+00
   7.8295048e-02  -1.4550824e+00
   7.5794512e-02  -1.4462454e+00
   8.1463999e-02  -1.4346266e+00
   8.9044243e-02  -1.4232453e+00
   1.0114133e-01  -1.4179346e+00
   1.1136723e-01  -1.4150548e+00
   1.2097308e-01  -1.4053257e+00
   1.2633114e-01  -1.3962448e+00
   1.3333437e-01  -1.3847303e+00
   1.4261294e-01  -1.3753414e+00
   1.5197563e-01  -1.3700009e+00
   1.5936999e-01  -1.3628098e+00
   1.6596571e-01  -1.3516822e+00
   1.7506763e-01  -1.3442720e+00
   1.8037069e-01  -1.3393316e+00
   1.8085052e-01  -1.3288645e+00
   1.8579979e-01  -1.3220342e+00
   1.9704266e-01  -1.3184432e+00
   2.0433570e-01  -1.3153724e+00
   2.0665596e-01  -1.3047744e+00
   2.2017250e-01  -1.3045071e+00
   2.2419033e-01  -1.2938840e+00
   2.2451049e-01  -1.2837412e+00
   2.2017724e-01  -1.2707230e+00
   2.1609592e-01  -1.2576041e+00
   2.1211956e-01  -1.2448749e+00
   2.1164756e-01  -1.2317163e+00
   2.1508930e-01  -1.2198320e+00
   2.1876439e-01  -1.2097829e+00
   2.1682484e-01  -1.1990571e+00
   2.1682484e-01  -1.1990571e+00
   2.1354954e-01  -1.1904345e+00
   2.1136197e-01  -1.1782398e+00
   2.2163587e-01  -1.1763505e+00
   2.2639240e-01  -1.1646879e+00
   2.2439811e-01  -1.1544282e+00
   2.3252527e-01  -1.1511229e+00
   2.3969513e-01  -1.1443622e+00
   2.4057076e-01  -1.1317964e+00
   2.4776604e-01  -1.1250320e+00
   2.5657812e-01  -1.1266021e+00
   2.6479619e-01  -1.1316292e+00
   2.7332940e-01  -1.1384989e+00
   2.7955911e-01  -1.1494127e+00
   2.8573887e-01  -1.1606964e+00
   2.9175879e-01  -1.1701806e+00
   2.9786507e-01  -1.1797484e+00
   3.0522968e-01  -1.1870707e+00
   3.1440722e-01  -1.1942023e+00
   3.2202105e-01  -1.2017989e+00
   3.2898170e-01  -1.2133644e+00
   3.3536196e-01  -1.2233598e+00
   3.4204952e-01  -1.2333907e+00
   3.4688052e-01  -1.2440629e+00
   3.5746809e-01  -1.2532410e+00
   3.6799383e-01  -1.2625296e+00
   3.7690109e-01  -1.2723968e+00
   3.8359185e-01  -1.2810148e+00
   3.8947490e-01  -1.2940834e+00
   3.9487320e-01  -1.3054125e+00
   4.0300649e-01  -1.3181748e+00
   4.0300649e-01  -1.3181748e+00
   4.1135519e-01  -1.3313412e+00
   4.0989001e-01  -1.3406898e+00
   4.1578186e-01  -1.3456680e+00
   4.2344003e-01  -1.3570065e+00
   4.2547789e-01  -1.3702627e+00
   4.2816788e-01  -1.3857551e+00
   4.3763401e-01  -1.3947855e+00
   4.4305708e-01  -1.4051975e+00
   4.4526346e-01  -1.4191013e+00
   4.5213258e-01  -1.4192839e+00
   4.5250148e-01  -1.4068459e+00
   4.4978899e-01  -1.3909133e+00
   4.5690144e-01  -1.3791196e+00
   4.6743268e-01  -1.3707215e+00
   4.8152257e-01  -1.3658355e+00
   4.9573286e-01  -1.3679548e+00
   5.0949946e-01  -1.3751428e+00
   5.2086697e-01  -1.3806202e+00
   5.3186856e-01  -1.3913686e+00
   5.1751308e-01  -1.3967716e+00
   5.0692787e-01  -1.4057365e+00
   5.0777996e-01  -1.4205176e+00
   5.2045523e-01  -1.4107556e+00
   5.3470927e-01  -1.4054149e+00
   5.5038416e-01  -1.4094813e+00
   5.6321543e-01  -1.4174578e+00
   5.7608109e-01  -1.4201385e+00
   5.9036391e-01  -1.4196548e+00
   5.9725778e-01  -1.4298932e+00
   6.0611308e-01  -1.4397753e+00
   6.0611308e-01  -1.4397753e+00
   6.1760943e-01  -1.4430771e+00
   6.2788304e-01  -1.4495636e+00
   6.4162331e-01  -1.4465419e+00
   6.5308578e-01  -1.4383848e+00
   6.6233822e-01  -1.4314623e+00
   6.7376411e-01  -1.4234295e+00
   6.8523688e-01  -1.4206431e+00
   6.9791961e-01  -1.4202366e+00
   7.0377382e-01  -1.4115519e+00
   7.1802653e-01  -1.4043555e+00
   7.2912825e-01  -1.3958802e+00
   7.4217458e-01  -1.3858917e+00
   7.5940570e-01  -1.3796422e+00
   7.7068696e-01  -1.3761606e+00
   7.8579052e-01  -1.3704033e+00
   7.9771948e-01  -1.3634939e+00
   8.1099639e-01  -1.3588409e+00
   8.2750200e-01  -1.3546024e+00
   8.4263861e-01  -1.3485037e+00
   8.5968084e-01  -1.3406341e+00
   8.7184531e-01  -1.3512847e+00
   8.8115238e-01  -1.3610123e+00
   8.9473323e-01  -1.3646950e+00
   9.0660822e-01  -1.3568351e+00
   9.1536323e-01  -1.3443910e+00
   9.2230470e-01  -1.3334684e+00
   9.3120276e-01  -1.3176214e+00
   9.4543646e-01  -1.3171689e+00
   9.5521487e-01  -1.3065705e+00
   9.6914321e-01  -1.3097219e+00
   9.6914321e-01  -1.3097219e+00
   9.8207286e-01  -1.3032547e+00
   9.9980684e-01  -1.3067475e+00
   1.0141104e+00  -1.3059707e+00
   1.0325654e+00  -1.2981126e+00
   1.0468783e+00  -1.3043833e+00
   1.0612297e+00  -1.3142574e+00
   1.0813428e+00  -1.3197323e+00
   1.1019020e+00  -1.3286622e+00
   1.1171650e+00  -1.3313854e+00
   1.1230370e+00  -1.3186311e+00
   1.1363311e+00  -1.3187771e+00
   1.1497078e+00  -1.3188639e+00
   1.1458792e+00  -1.2988306e+00
   1.1418499e+00  -1.2829360e+00
   1.1510790e+00  -1.2672392e+00
   1.1378795e+00  -1.2713087e+00
   1.1230632e+00  -1.2618281e+00
   1.1065044e+00  -1.2542001e+00
   1.0919150e+00  -1.2486030e+00
   1.0740234e+00  -1.2464655e+00
   1.0561165e+00  -1.2440088e+00
   1.0404501e+00  -1.2434820e+00
   1.0283016e+00  -1.2363982e+00
   1.0216575e+00  -1.2249267e+00
   1.0065652e+00  -1.2210612e+00
   9.9810921e-01  -1.2181493e+00
   9.9895712e-01  -1.2336093e+00
   1.0053856e+00  -1.2450985e+00
   1.0014985e+00  -1.2514167e+00
   9.8967090e-01  -1.2477589e+00
   9.8967090e-01  -1.2477589e+00
   9.7820601e-01  -1.2372911e+00
   9.7075594e-01  -1.2239113e+00
   9.6845668e-01  -1.2066720e+00
   9.5958537e-01  -1.2137387e+00
   9.5163168e-01  -1.2106119e+00
   9.3768143e-01  -1.2184838e+00
   9.3510517e-01  -1.2297257e+00
   9.2433832e-01  -1.2378391e+00
   9.1019273e-01  -1.2449879e+00
   9.0259426e-01  -1.2537825e+00
   9.0419065e-01  -1.2676285e+00
   8.9894912e-01  -1.2838324e+00
   8.9722765e-01  -1.2972120e+00
   8.9520439e-01  -1.3108457e+00
   8.9010127e-01  -1.3236122e+00
   8.9204027e-01  -1.3350326e+00
   8.8465752e-01  -1.3365717e+00
   8.8223117e-01  -1.3288708e+00
   8.7373675e-01  -1.3160760e+00
   8.6402873e-01  -1.3014532e+00
   8.4783398e-01  -1.2971079e+00
   8.3302763e-01  -1.2950865e+00
   8.1778281e-01  -1.2961073e+00
   8.0521228e-01  -1.3012085e+00
   7.8943928e-01  -1.3050608e+00
   7.7750749e-01  -1.2980918e+00
   7.6383525e-01  -1.2926044e+00
   7.5100965e-01  -1.2919193e+00
   7.4954294e-01  -1.2765439e+00
   7.4804825e-01  -1.2613608e+00
   7.4804825e-01  -1.2613608e+00
   7.5177186e-01  -1.2511585e+00
   7.5242601e-01  -1.2399597e+00
   7.5205696e-01  -1.2272454e+00
   7.6103285e-01  -1.2216996e+00
   7.6039332e-01  -1.2088874e+00
   7.5504708e-01  -1.1966772e+00
   7.4567934e-01  -1.1896370e+00
   7.5215500e-01  -1.1806468e+00
   7.5952739e-01  -1.1731525e+00
   7.6274981e-01  -1.1633868e+00
   7.5918680e-01  -1.1504932e+00
   7.6195895e-01  -1.1438062e+00
   7.6885427e-01  -1.1364473e+00
   7.7646222e-01  -1.1263871e+00
   7.7270119e-01  -1.1138442e+00
   7.7728977e-01  -1.1031043e+00
   7.8631043e-01  -1.0991172e+00
   7.9471105e-01  -1.0906203e+00
   8.0054114e-01  -1.0787160e+00
   8.0742058e-01  -1.0683763e+00
   8.1300724e-01  -1.0564741e+00
   8.1126077e-01  -1.0477578e+00
   8.0627423e-01  -1.0413176e+00
   8.1297128e-01  -1.0312492e+00
   8.1941467e-01  -1.0209695e+00
   8.2575064e-01  -1.0106683e+00
   8.3212963e-01  -1.0005271e+00
   8.3963396e-01  -9.8901213e-01
   8.4441620e-01  -9.7723066e-01
   8.4379326e-01  -9.6487618e-01
   8.4379326e-01  -9.6487618e-01
   8.4973209e-01  -9.5472438e-01
   8.5803117e-01  -9.4727281e-01
   8.5952063e-01  -9.3537676e-01
   8.6118375e-01  -9.2609560e-01
   8.6798638e-01  -9.1722830e-01
   8.7721518e-01  -9.1092482e-01
   8.8371111e-01  -9.0462433e-01
   8.8241485e-01  -8.9544750e-01
   8.8748971e-01  -8.8501483e-01
   8.9389824e-01  -8.7598130e-01
   9.0021905e-01  -8.6690559e-01
   9.0784806e-01  -8.6151564e-01
   9.2100686e-01  -8.6397597e-01
   9.2809166e-01  -8.7306146e-01
   9.3487031e-01  -8.7422427e-01
   9.4715056e-01  -8.8076293e-01
   9.5993303e-01  -8.8735296e-01
   9.6991162e-01  -8.9406885e-01
   9.7589566e-01  -9.0210867e-01
   9.8464538e-01  -9.0765050e-01
   9.9764696e-01  -9.1161568e-01
   1.0122465e+00  -9.1399325e-01
   1.0221629e+00  -9.1231525e-01
   1.0340717e+00  -9.1486935e-01
   1.0476457e+00  -9.1876061e-01
   1.0613910e+00  -9.2265309e-01
   1.0753108e+00  -9.2654703e-01
   1.0903388e+00  -9.2565645e-01
   1.1044143e+00  -9.1592601e-01
   1.1139520e+00  -9.1827114e-01
   1.1139520e+00  -9.1827114e-01
   1.1263472e+00  -9.1764474e-01
   1.1401001e+00  -9.2587357e-01
   1.1504330e+00  -9.3160227e-01
   1.1562960e+00  -9.3902623e-01
   1.1685922e+00  -9.4630727e-01
   1.1838806e+00  -9.5016464e-01
   1.2007051e+00  -9.5234977e-01
   1.2152868e+00  -9.4948607e-01
   1.2293935e+00  -9.4334678e-01
   1.2453919e+00  -9.4701797e-01
   1.2602809e+00  -9.5245157e-01
   1.2780512e+00  -9.5436608e-01
   1.2920290e+00  -9.5326226e-01
   1.3103698e+00  -9.5483763e-01
   1.3287892e+00  -9.5659137e-01
   1.3437352e+00  -9.5847697e-01
   1.3604596e+00  -9.5863227e-01
   1.3687733e+00  -9.4672367e-01
   1.3797253e+00  -9.6000582e-01
   1.3906442e+00  -9.7373956e-01
   1.4046232e+00  -9.8352776e-01
   1.3940031e+00  -9.6417406e-01
   1.3818899e+00  -9.4690844e-01
   1.3707226e+00  -9.3925635e-01
   1.3702027e+00  -9.3014039e-01
   1.3859887e+00  -9.2608801e-01
   1.4007037e+00  -9.2429558e-01
   1.4126755e+00  -9.2619064e-01
   1.4260557e+00  -9.2609143e-01
   1.4444698e+00  -9.2911417e-01
   1.4444698e+00  -9.2911417e-01
   1.4594960e+00  -9.3266897e-01
