   1.7227296e-01   9.8504925e-01
   1.7569073e-01   9.9639167e-01
   1.8841214e-01   1.0000128e+00
   1.9799381e-01   1.0026970e+00
   1.9645316e-01   1.0106639e+00
   2.0414133e-01   1.0106074e+00
   2.0404475e-01   1.0183689e+00
   2.1192726e-01   1.0260632e+00
   2.2230297e-01   1.0238654e+00
   2.2907861e-01   1.0333068e+00
   2.3675854e-01   1.0395768e+00
   2.3210307e-01   1.0469493e+00
   2.3727568e-01   1.0554517e+00
   2.3768979e-01   1.0651093e+00
   2.3978193e-01   1.0744843e+00
   2.4109888e-01   1.0875268e+00
   2.4437036e-01   1.0950455e+00
   2.3982323e-01   1.1045588e+00
   2.3343850e-01   1.1144916e+00
   2.3092032e-01   1.1269531e+00
   2.3721159e-01   1.1325052e+00
   2.3068493e-01   1.1338527e+00
   2.2741489e-01   1.1432918e+00
   2.1999750e-01   1.1499956e+00
   2.1337039e-01   1.1512436e+00
   2.0680544e-01   1.1436490e+00
   1.9933384e-01   1.1397822e+00
   1.9933384e-01   1.1397822e+00
   1.9043540e-01   1.1379971e+00
   1.9087691e-01   1.1309327e+00
   1.9267025e-01   1.1289397e+00
   1.9445651e-01   1.1269462e+00
   1.9623568e-01   1.1249523e+00
   1.9800780e-01   1.1229580e+00
   1.9534153e-01   1.1221533e+00
   1.9268055e-01   1.1213430e+00
   1.9002488e-01   1.1205272e+00
   1.8737451e-01   1.1197059e+00
   1.7890970e-01   1.1194727e+00
   1.7916632e-01   1.1312116e+00
   1.6928794e-01   1.1327321e+00
   1.6530231e-01   1.1400702e+00
   1.5581350e-01   1.1448959e+00
   1.4602248e-01   1.1478305e+00
   1.4061541e-01   1.1452207e+00
   1.3621644e-01   1.1508869e+00
   1.2634623e-01   1.1536592e+00
   1.2909171e-01   1.1637113e+00
   1.2310321e-01   1.1712488e+00
   1.1191197e-01   1.1795103e+00
   1.0739026e-01   1.1869052e+00
   9.9760312e-02   1.1806002e+00
   9.6736781e-02   1.1842248e+00
   8.9850933e-02   1.1866686e+00
   8.7168117e-02   1.1955741e+00
   8.9502233e-02   1.2043980e+00
   9.0173011e-02   1.2134244e+00
   8.1754635e-02   1.2212054e+00
   7.3444519e-02   1.2289655e+00
   6.4918602e-02   1.2387207e+00
   5.8124828e-02   1.2464031e+00
   5.6383823e-02   1.2488320e+00
   5.4634426e-02   1.2512632e+00
   5.2876597e-02   1.2536969e+00
   5.1110295e-02   1.2561329e+00
   5.2973787e-02   1.2560567e+00
   5.4837140e-02   1.2559770e+00
   5.6700344e-02   1.2558939e+00
   5.8563394e-02   1.2558075e+00
   5.6809512e-02   1.2582587e+00
   5.5047111e-02   1.2607123e+00
   5.3276151e-02   1.2631683e+00
   5.1496589e-02   1.2656269e+00
   5.1496589e-02   1.2656269e+00
   4.7747540e-02   1.2601034e+00
   3.4769396e-02   1.2605282e+00
   2.5748431e-02   1.2607448e+00
   1.4811777e-02   1.2665875e+00
   5.5268908e-03   1.2666620e+00
   7.7910309e-17   1.2723719e+00
  -1.1153397e-02   1.2780528e+00
  -2.2305946e-02   1.2779068e+00
  -3.3553223e-02   1.2813459e+00
  -4.4935453e-02   1.2867830e+00
  -5.2667838e-02   1.2944125e+00
  -6.2526314e-02   1.3017246e+00
  -7.2616228e-02   1.3111537e+00
  -7.8692096e-02   1.3167745e+00
  -8.8513100e-02   1.3221596e+00
  -9.8488270e-02   1.3253198e+00
  -1.0837770e-01   1.3267298e+00
  -1.1995133e-01   1.3257335e+00
  -1.3092007e-01   1.3186358e+00
  -1.4360889e-01   1.3112834e+00
  -1.5733114e-01   1.3135682e+00
  -1.7137689e-01   1.3159323e+00
  -1.8495746e-01   1.3160407e+00
  -1.9732949e-01   1.3203625e+00
  -2.0979651e-01   1.3246030e+00
  -2.2171087e-01   1.3248919e+00
  -2.3432973e-01   1.3289499e+00
  -2.4663710e-01   1.3307347e+00
  -2.5904359e-01   1.3326637e+00
  -2.7462276e-01   1.3402327e+00
  -2.7462276e-01   1.3402327e+00
  -2.8616589e-01   1.3463047e+00
  -2.9203751e-01   1.3450432e+00
  -3.0608721e-01   1.3439902e+00
  -3.2326358e-01   1.3464897e+00
  -3.3358260e-01   1.3550418e+00
  -3.4750402e-01   1.3603363e+00
  -3.6316747e-01   1.3629689e+00
  -3.7638134e-01   1.3729935e+00
  -3.8811160e-01   1.3835314e+00
  -3.8166805e-01   1.3922788e+00
  -3.8760114e-01   1.3976445e+00
  -3.8196509e-01   1.4087800e+00
  -3.8433423e-01   1.4175180e+00
  -3.9433869e-01   1.4219394e+00
  -4.0361747e-01   1.4388064e+00
  -4.1447510e-01   1.4454465e+00
  -4.2845700e-01   1.4538981e+00
  -4.3957236e-01   1.4605390e+00
  -4.5458019e-01   1.4712379e+00
  -4.6804176e-01   1.4772435e+00
  -4.8199083e-01   1.4834152e+00
  -4.9603448e-01   1.4972395e+00
  -5.1599430e-01   1.4985562e+00
  -5.2952165e-01   1.5019846e+00
  -5.3209580e-01   1.5092861e+00
  -5.3101201e-01   1.5205849e+00
  -5.4121858e-01   1.5283541e+00
  -5.4788211e-01   1.5259781e+00
  -5.5812615e-01   1.5334390e+00
  -5.7836779e-01   1.5403549e+00
  -5.7836779e-01   1.5403549e+00
  -5.8409495e-01   1.5556080e+00
  -6.0103183e-01   1.5519623e+00
  -6.2067062e-01   1.5620566e+00
  -6.4062328e-01   1.5721520e+00
  -6.5398552e-01   1.5851171e+00
  -6.6872444e-01   1.5947268e+00
  -6.7543140e-01   1.6044357e+00
  -6.8937244e-01   1.6177756e+00
  -6.9529067e-01   1.6316642e+00
  -7.0954653e-01   1.6318453e+00
  -7.2262020e-01   1.6360787e+00
  -7.3111736e-01   1.6290907e+00
  -7.5141136e-01   1.6299372e+00
  -7.4860783e-01   1.6179104e+00
  -7.3997858e-01   1.6051376e+00
  -7.2896579e-01   1.5936689e+00
  -7.2542621e-01   1.5793675e+00
  -7.1362141e-01   1.5717111e+00
  -6.9856305e-01   1.5689983e+00
  -6.8387585e-01   1.5601317e+00
  -6.6681120e-01   1.5520451e+00
  -6.5239444e-01   1.5429312e+00
  -6.4143771e-01   1.5296553e+00
  -6.2612264e-01   1.5243708e+00
  -6.1130240e-01   1.5130265e+00
  -5.9225938e-01   1.5035380e+00
  -5.8210410e-01   1.4907131e+00
  -5.6797882e-01   1.4796354e+00
  -5.6437089e-01   1.4702364e+00
  -5.5226575e-01   1.4638465e+00
  -5.5226575e-01   1.4638465e+00
  -5.5464327e-01   1.4578089e+00
  -5.4387948e-01   1.4485030e+00
  -5.3350038e-01   1.4523578e+00
  -5.1786913e-01   1.4423850e+00
  -5.0549500e-01   1.4338332e+00
  -5.1507420e-01   1.4151547e+00
  -5.2991375e-01   1.4302411e+00
  -5.4579604e-01   1.4345551e+00
  -5.6078028e-01   1.4420441e+00
  -5.7496114e-01   1.4470185e+00
  -5.9443928e-01   1.4472339e+00
  -5.9198229e-01   1.4593377e+00
  -5.9772982e-01   1.4735064e+00
  -6.1004396e-01   1.4852253e+00
  -6.2602101e-01   1.4870651e+00
  -6.3893623e-01   1.4929083e+00
  -6.4960281e-01   1.4882980e+00
  -6.6373388e-01   1.4907707e+00
  -6.7455327e-01   1.4918866e+00
  -6.8339331e-01   1.4995698e+00
  -7.0099717e-01   1.5032933e+00
  -6.8466235e-01   1.5079304e+00
  -6.7692345e-01   1.5203950e+00
  -6.8257790e-01   1.5330951e+00
  -6.9594637e-01   1.5392010e+00
  -7.0972241e-01   1.5451778e+00
  -7.2928333e-01   1.5519146e+00
  -7.4533707e-01   1.5507735e+00
  -7.5628690e-01   1.5679450e+00
  -7.6435610e-01   1.5671622e+00
  -7.6435610e-01   1.5671622e+00
  -7.7088939e-01   1.5805575e+00
  -7.8395523e-01   1.5841241e+00
  -7.8796133e-01   1.5922192e+00
  -8.0028402e-01   1.5995246e+00
  -8.1199908e-01   1.6109767e+00
  -8.2978226e-01   1.6229334e+00
  -8.4329885e-01   1.6373659e+00
  -8.5791892e-01   1.6480469e+00
  -8.7831952e-01   1.6518788e+00
  -8.8781903e-01   1.6467926e+00
  -8.9660597e-01   1.6568554e+00
  -9.0613385e-01   1.6516639e+00
  -9.2381945e-01   1.6495983e+00
  -9.4385590e-01   1.6460662e+00
  -9.6859789e-01   1.6391152e+00
  -9.7895027e-01   1.6566340e+00
  -1.0040524e+00   1.6657511e+00
  -1.0231237e+00   1.6748307e+00
  -1.0451298e+00   1.6777656e+00
  -1.0481638e+00   1.6885405e+00
  -1.0578022e+00   1.7040674e+00
  -1.0678957e+00   1.6977603e+00
  -1.0830932e+00   1.7053657e+00
  -1.0955547e+00   1.7196765e+00
  -1.0769700e+00   1.7181694e+00
  -1.0945519e+00   1.7294044e+00
  -1.0935868e+00   1.7386045e+00
  -1.1057880e+00   1.7357395e+00
  -1.0996783e+00   1.7261491e+00
  -1.1166755e+00   1.7195295e+00
  -1.1166755e+00   1.7195295e+00
  -1.1224661e+00   1.7337412e+00
  -1.1411846e+00   1.7353067e+00
  -1.1602568e+00   1.7417066e+00
  -1.1734621e+00   1.7562101e+00
  -1.1825213e+00   1.7697682e+00
  -1.1991931e+00   1.7778768e+00
  -1.2163340e+00   1.7810751e+00
  -1.2233206e+00   1.7913054e+00
  -1.2295757e+00   1.8174419e+00
  -1.2413622e+00   1.8403952e+00
  -1.2614871e+00   1.8583142e+00
  -1.2794872e+00   1.8672454e+00
  -1.2973784e+00   1.8876972e+00
  -1.3074465e+00   1.9202424e+00
  -1.3201017e+00   1.9512488e+00
  -1.3335237e+00   1.9770302e+00
  -1.3500111e+00   2.0014738e+00
  -1.3581247e+00   2.0264464e+00
  -1.3753068e+00   2.0451300e+00
  -1.3871057e+00   2.0626754e+00
  -1.3599873e+00   2.0806554e+00
  -1.3927186e+00   2.0710219e+00
  -1.4076922e+00   2.0869895e+00
  -1.4225311e+00   2.1026503e+00
  -1.4502169e+00   2.1235492e+00
  -1.4754553e+00   2.1403923e+00
  -1.4915022e+00   2.1499915e+00
  -1.4982932e+00   2.1662327e+00
  -1.4567889e+00   2.1736624e+00
  -1.4316540e+00   2.1902989e+00
  -1.4316540e+00   2.1902989e+00
  -1.3998579e+00   2.1905810e+00
  -1.4005370e+00   2.1566378e+00
  -1.3907951e+00   2.1763990e+00
  -1.3816637e+00   2.1687775e+00
  -1.3901133e+00   2.2031963e+00
  -1.3970930e+00   2.2072528e+00
  -1.4041164e+00   2.2113113e+00
  -1.4111838e+00   2.2153715e+00
  -1.4182955e+00   2.2194334e+00
  -1.4182418e+00   2.2227597e+00
  -1.4181840e+00   2.2260922e+00
  -1.4181220e+00   2.2294307e+00
  -1.4180558e+00   2.2327753e+00
  -1.4251990e+00   2.2369434e+00
  -1.4323875e+00   2.2411139e+00
  -1.4396217e+00   2.2452865e+00
  -1.4469019e+00   2.2494610e+00
  -1.4731420e+00   2.2537715e+00
  -1.4930704e+00   2.2842603e+00
  -1.5059390e+00   2.2537970e+00
  -1.5390080e+00   2.2535658e+00
  -1.5761672e+00   2.2577028e+00
  -1.6138482e+00   2.2625318e+00
  -1.6546480e+00   2.2566551e+00
  -1.6914941e+00   2.2446885e+00
  -1.7370336e+00   2.2434099e+00
  -1.7531211e+00   2.2641872e+00
  -1.7861806e+00   2.2722778e+00
  -1.8217645e+00   2.2968473e+00
  -1.8649792e+00   2.2891366e+00
  -1.9205457e+00   2.3092052e+00
  -1.9580651e+00   2.3064219e+00
  -2.0042259e+00   2.3260186e+00
  -1.9953508e+00   2.3636881e+00
  -2.0206966e+00   2.3726320e+00
  -2.0370922e+00   2.4208393e+00
  -2.0546485e+00   2.3845370e+00
  -2.0945052e+00   2.3816091e+00
  -2.1333092e+00   2.3901710e+00
  -2.1333092e+00   2.3901710e+00
  -2.1750364e+00   2.4088503e+00
  -2.1941049e+00   2.4368004e+00
  -2.2152862e+00   2.4175607e+00
  -2.2482473e+00   2.4109500e+00
  -2.2014349e+00   2.3957204e+00
  -2.1417818e+00   2.3720209e+00
  -2.1043499e+00   2.3305650e+00
  -2.1479260e+00   2.3440499e+00
  -2.1882122e+00   2.3400112e+00
  -2.2190692e+00   2.3449597e+00
  -2.2529095e+00   2.3600078e+00
  -2.2820199e+00   2.3905020e+00
  -2.2970076e+00   2.3645406e+00
  -2.3403139e+00   2.3956980e+00
  -2.3439194e+00   2.4416562e+00
  -2.2964992e+00   2.4626939e+00
  -2.3391525e+00   2.4718554e+00
  -2.3786539e+00   2.4847743e+00
  -2.3640546e+00   2.4480502e+00
  -2.3662300e+00   2.4078932e+00
  -2.3984766e+00   2.4407076e+00
  -2.4487377e+00   2.4702008e+00
  -2.4720728e+00   2.5007143e+00
  -2.5215243e+00   2.5215243e+00
  -2.4938012e+00   2.4790465e+00
  -2.5153398e+00   2.4571898e+00
  -2.4594927e+00   2.4594927e+00
  -2.4196842e+00   2.4196842e+00
  -2.3638306e+00   2.3845495e+00
  -2.3150062e+00   2.3352971e+00
  -2.3150062e+00   2.3352971e+00
  -2.3751839e+00   2.3611309e+00
  -2.4273269e+00   2.3853275e+00
  -2.4887408e+00   2.3891193e+00
  -2.5439186e+00   2.4140886e+00
  -2.5967705e+00   2.4004300e+00
  -2.6538257e+00   2.3962334e+00
  -2.7234072e+00   2.3950994e+00
  -2.7814833e+00   2.3756112e+00
  -2.8371284e+00   2.4086149e+00
  -2.8366555e+00   2.3592215e+00
  -2.8784904e+00   2.3243084e+00
  -2.9408962e+00   2.2976799e+00
  -2.9805483e+00   2.2460042e+00
  -3.0192925e+00   2.1936444e+00
  -3.0840145e+00   2.1594502e+00
  -3.1578577e+00   2.1300019e+00
  -3.2110559e+00   2.1116771e+00
  -3.2413081e+00   2.0649410e+00
  -3.2909059e+00   2.0301253e+00
  -3.2179440e+00   1.9975432e+00
  -3.1789891e+00   1.9351362e+00
  -3.2066874e+00   1.8888832e+00
  -3.1907482e+00   1.8295780e+00
  -3.1782421e+00   1.7675341e+00
  -3.1998658e+00   1.7071341e+00
  -3.2210170e+00   1.7546972e+00
  -3.2552291e+00   1.7366705e+00
  -3.2968567e+00   1.7960120e+00
  -3.3623657e+00   1.8385539e+00
  -3.3530952e+00   1.9032753e+00
  -3.3530952e+00   1.9032753e+00
  -3.3589374e+00   1.9162168e+00
  -3.3647594e+00   1.9292545e+00
  -3.3705602e+00   1.9423890e+00
  -3.3763393e+00   1.9556211e+00
  -3.3827685e+00   1.9445891e+00
  -3.3891300e+00   1.9335176e+00
  -3.3954234e+00   1.9224073e+00
  -3.4016483e+00   1.9112587e+00
  -3.3938170e+00   1.8296750e+00
  -3.3709751e+00   1.7735558e+00
  -3.3196379e+00   1.7280941e+00
  -3.2897199e+00   1.6704143e+00
  -3.2829199e+00   1.6132623e+00
  -3.2519649e+00   1.5804724e+00
  -3.2135275e+00   1.6141283e+00
  -3.1822574e+00   1.5637957e+00
  -3.1609111e+00   1.5192059e+00
  -3.1494302e+00   1.4519072e+00
  -3.1302230e+00   1.3825511e+00
  -3.0999234e+00   1.3369625e+00
  -3.0900788e+00   1.2692242e+00
  -3.0819376e+00   1.2189812e+00
  -3.0484604e+00   1.1854814e+00
  -3.0491272e+00   1.1351719e+00
  -3.0433022e+00   1.0776898e+00
  -3.0451631e+00   1.0236274e+00
  -3.0320431e+00   9.8517051e-01
  -3.0302465e+00   9.3627961e-01
  -3.0133606e+00   8.8288128e-01
  -2.9986660e+00   8.1753018e-01
  -3.0236882e+00   8.1472148e-01
  -3.0475090e+00   8.7846599e-01
  -3.0549372e+00   9.3865421e-01
  -3.0847353e+00   9.8268523e-01
  -3.0926510e+00   1.0395904e+00
  -3.0832414e+00   1.0918330e+00
  -3.0832414e+00   1.0918330e+00
  -3.1206670e+00   1.1407669e+00
  -3.1346305e+00   1.2032719e+00
  -3.1626733e+00   1.2566627e+00
  -3.1818355e+00   1.3069125e+00
  -3.2400846e+00   1.3420870e+00
  -3.3014854e+00   1.3729238e+00
  -3.3063134e+00   1.3358373e+00
  -3.3306499e+00   1.3005755e+00
  -3.2996298e+00   1.2718981e+00
  -3.3701525e+00   1.2546878e+00
  -3.4002101e+00   1.1707862e+00
  -3.3923817e+00   1.1298105e+00
  -3.4476933e+00   1.1255480e+00
  -3.4818488e+00   1.1535342e+00
  -3.5627446e+00   1.1459302e+00
  -3.5283033e+00   1.0787106e+00
  -3.5435590e+00   1.0274874e+00
  -3.6034035e+00   1.0108355e+00
  -3.6778938e+00   9.9099475e-01
  -3.7500876e+00   9.8731567e-01
  -3.8205486e+00   9.5256974e-01
  -3.9077157e+00   1.0106040e+00
  -3.9697566e+00   1.0763273e+00
  -4.0170947e+00   1.1012139e+00
  -4.0411556e+00   1.1648916e+00
  -3.9832960e+00   1.2178158e+00
  -4.0320610e+00   1.2906729e+00
  -4.0154738e+00   1.3826385e+00
  -4.0892988e+00   1.4280471e+00
  -4.1712982e+00   1.4159650e+00
  -4.1712982e+00   1.4159650e+00
  -4.2352149e+00   1.4583014e+00
  -4.2302993e+00   1.3810407e+00
  -4.2051065e+00   1.3121606e+00
  -4.2548765e+00   1.2466317e+00
  -4.2671767e+00   1.1497748e+00
  -4.3239673e+00   1.0516714e+00
  -4.3891823e+00   1.0399856e+00
  -4.4434521e+00   1.0807323e+00
  -4.4770778e+00   1.0130593e+00
  -4.4871852e+00   1.0034706e+00
  -4.4972786e+00   9.9380232e-01
  -4.5073576e+00   9.8405403e-01
  -4.5174214e+00   9.7422548e-01
  -4.5333884e+00   9.9813633e-01
  -4.5492922e+00   1.0223846e+00
  -4.5651280e+00   1.0469740e+00
  -4.5808905e+00   1.0719080e+00
  -4.6092969e+00   1.1706123e+00
  -4.6366237e+00   1.2710465e+00
  -4.6174916e+00   1.3388839e+00
  -4.5322356e+00   1.3210262e+00
  -4.4940882e+00   1.4454900e+00
  -4.5499203e+00   1.5003387e+00
  -4.6523299e+00   1.4668740e+00
  -4.7487992e+00   1.4066584e+00
  -4.8703390e+00   1.3965472e+00
  -4.9703884e+00   1.3085941e+00
  -5.0733693e+00   1.2489561e+00
  -5.1922469e+00   1.2945725e+00
  -5.1872899e+00   1.4064393e+00
  -5.1935607e+00   1.5384028e+00
  -5.2752883e+00   1.6128175e+00
  -5.3918195e+00   1.6824623e+00
  -5.4728335e+00   1.8226914e+00
  -5.4602902e+00   1.9421745e+00
  -5.5284606e+00   2.1221772e+00
  -5.5284606e+00   2.1221772e+00
  -5.4858352e+00   2.2633387e+00
  -5.5715594e+00   2.4422650e+00
  -5.4463136e+00   2.5593584e+00
  -5.3486972e+00   2.5707058e+00
  -5.2638761e+00   2.7402005e+00
  -5.1090716e+00   2.7739995e+00
  -5.0513643e+00   2.8777430e+00
  -4.9806071e+00   2.9926507e+00
  -4.8373998e+00   3.0817636e+00
  -4.7645664e+00   3.1932132e+00
  -4.6501795e+00   3.2464239e+00
  -4.6069686e+00   3.3471586e+00
  -4.5376626e+00   3.4405301e+00
  -4.4202951e+00   3.4746831e+00
  -4.3235252e+00   3.5011217e+00
  -4.2219306e+00   3.6058694e+00
  -4.0941512e+00   3.6439120e+00
  -3.9671596e+00   3.6569454e+00
  -3.8345041e+00   3.7029376e+00
  -3.9083228e+00   3.7847837e+00
  -3.9219367e+00   3.8987323e+00
  -3.8687196e+00   3.9824616e+00
  -3.7721684e+00   3.9987310e+00
  -3.7737155e+00   4.1067610e+00
  -3.7295723e+00   4.2647596e+00
  -3.6794460e+00   4.4115093e+00
  -3.5702844e+00   4.3434434e+00
  -3.5304559e+00   4.4383914e+00
  -3.5979868e+00   4.6052131e+00
  -3.4008010e+00   4.5675138e+00
  -3.4008010e+00   4.5675138e+00
  -3.2768180e+00   4.4821263e+00
  -3.1852561e+00   4.4937077e+00
  -3.2057203e+00   4.6783325e+00
  -3.1063450e+00   4.5486136e+00
  -3.0325998e+00   4.5817585e+00
  -3.0622293e+00   4.7154197e+00
  -2.9235078e+00   4.8026590e+00
  -2.7817474e+00   4.7699410e+00
  -2.6299541e+00   4.7779411e+00
  -2.4913726e+00   4.7858822e+00
  -2.3617882e+00   4.8423833e+00
  -2.2217314e+00   4.8370602e+00
  -2.1287782e+00   4.7634035e+00
  -2.1980954e+00   4.6966984e+00
  -2.1836997e+00   4.6133989e+00
  -2.0898565e+00   4.6566612e+00
  -1.9796826e+00   4.6638399e+00
  -1.8772935e+00   4.7463420e+00
  -1.7806179e+00   4.8265760e+00
  -1.6765747e+00   4.8009726e+00
  -1.5734530e+00   4.7941431e+00
  -1.5752305e+00   4.8974570e+00
  -1.6946333e+00   4.9215724e+00
  -1.6557885e+00   5.0213367e+00
  -1.5513939e+00   5.0998378e+00
  -1.4502453e+00   5.1698015e+00
  -1.3165019e+00   5.0613707e+00
  -1.1588926e+00   5.0197153e+00
  -1.0355787e+00   4.9787366e+00
  -8.7618476e-01   4.9690907e+00
  -8.7618476e-01   4.9690907e+00
  -7.7075001e-01   5.0076432e+00
  -7.8464212e-01   5.1456772e+00
  -7.3584884e-01   5.2358365e+00
  -8.9794657e-01   5.3202723e+00
  -8.1809953e-01   5.4222316e+00
  -7.7472499e-01   5.5688627e+00
  -6.1315335e-01   5.4492133e+00
  -5.1832236e-01   5.3053285e+00
  -6.3099759e-01   5.1990660e+00
  -6.0672051e-01   5.0655504e+00
  -5.1066308e-01   5.0013364e+00
  -4.9262460e-01   5.1161021e+00
  -4.6358154e-01   5.1236245e+00
  -3.9034066e-01   5.2526680e+00
  -4.3928498e-01   5.3776049e+00
  -3.8422626e-01   5.4946916e+00
  -5.5549518e-01   5.5949849e+00
  -6.8117776e-01   5.7552418e+00
  -6.4951815e-01   5.9307079e+00
  -6.2370741e-01   6.1084709e+00
  -5.4261531e-01   6.2021214e+00
  -5.5815819e-01   6.3797773e+00
  -5.7190161e-01   6.5368654e+00
  -6.1852721e-01   6.7313830e+00
  -6.7393436e-01   6.8981071e+00
  -6.4117396e-01   7.0864224e+00
  -3.9775145e-01   7.1817733e+00
  -1.4547248e-01   7.1229064e+00
  -2.0886816e-02   7.0395463e+00
  -8.1046646e-02   6.9304763e+00
  -8.1046646e-02   6.9304763e+00
  -1.5689895e-01   6.7579195e+00
  -2.2088332e-01   6.5890335e+00
  -3.5422932e-01   6.5832115e+00
  -4.5532908e-01   6.5115093e+00
  -3.9096382e-01   6.3922020e+00
  -4.5704538e-01   6.2687094e+00
  -3.7320964e-01   6.1019236e+00
  -2.7837158e-01   5.9692771e+00
  -1.9673029e-01   5.8685395e+00
  -1.3278659e-01   5.7193570e+00
  -2.3644887e-01   5.5948204e+00
  -1.2835737e-01   5.5285826e+00
  -6.3338901e-02   5.4162482e+00
   7.3824501e-03   5.2872870e+00
   1.0295005e-01   5.4610228e+00
   1.8603484e-01   5.3273408e+00
   1.8234433e-01   5.2216585e+00
   1.6299530e-01   5.1015121e+00
   2.3848200e-01   4.9649157e+00
   3.0579585e-01   4.9997179e+00
   3.1159879e-01   5.0945951e+00
   4.1407641e-01   5.1690561e+00
   4.2565267e-01   5.3135665e+00
   4.3023840e-01   5.4666972e+00
   4.4113574e-01   5.6051610e+00
   5.6330671e-01   5.5942038e+00
   6.8743209e-01   5.5347856e+00
   6.9202483e-01   5.4397596e+00
   8.2133524e-01   5.3863104e+00
   7.9702347e-01   5.2268740e+00
   7.9702347e-01   5.2268740e+00
   6.8921083e-01   5.1791849e+00
   6.7328581e-01   5.0595138e+00
   7.7453855e-01   4.9859454e+00
   7.3329323e-01   4.8601491e+00
   6.1553854e-01   4.7851492e+00
   5.1594088e-01   4.7110225e+00
   4.0928335e-01   4.7545817e+00
   3.7853193e-01   4.8097042e+00
   2.7256109e-01   4.7999531e+00
   3.3058923e-01   4.7276462e+00
   2.4104480e-01   4.5994088e+00
   2.3607224e-01   4.5045267e+00
   1.7350342e-01   4.4159569e+00
   1.1338482e-01   4.3299916e+00
   2.6522640e-16   4.3314759e+00
  -4.9505322e-02   4.2333085e+00
  -4.2034932e-02   4.1523136e+00
  -1.1375471e-01   4.1240588e+00
  -1.7879829e-01   4.0951542e+00
  -1.7546958e-01   4.0189142e+00
  -2.2113324e-01   3.9927668e+00
  -2.5203916e-01   3.9294347e+00
  -2.8117189e-01   3.8564767e+00
  -2.9355342e-01   3.7977362e+00
  -3.0566424e-01   3.7418568e+00
  -3.0457473e-01   3.6654418e+00
  -2.9940829e-01   3.6032656e+00
  -2.7481912e-01   3.5553683e+00
  -2.3385369e-01   3.5679178e+00
  -1.9160068e-01   3.5608227e+00
  -1.9160068e-01   3.5608227e+00
  -1.6288481e-01   3.4928298e+00
  -1.6070757e-01   3.4461420e+00
  -1.3835657e-01   3.4003766e+00
  -1.3689783e-01   3.3645251e+00
  -1.0336122e-01   3.3830400e+00
  -5.9393858e-02   3.4026719e+00
   2.0618821e-16   3.3673090e+00
   5.8449768e-02   3.3485850e+00
   1.1104081e-01   3.3123896e+00
   1.1909848e-01   3.3011812e+00
   1.2705558e-01   3.2900031e+00
   1.3491324e-01   3.2788558e+00
   1.4267259e-01   3.2677395e+00
   1.5205625e-01   3.2630129e+00
   1.6139193e-01   3.2582476e+00
   1.7067951e-01   3.2534441e+00
   1.7991887e-01   3.2486029e+00
   2.2583503e-01   3.2295914e+00
   2.7854016e-01   3.1837286e+00
   3.3406147e-01   3.1783826e+00
   3.8948101e-01   3.1720683e+00
   4.3208002e-01   3.1420249e+00
   4.0901250e-01   3.0735898e+00
   4.1717921e-01   3.0336683e+00
   4.1217579e-01   2.9972841e+00
   3.9796814e-01   2.9550882e+00
   4.2678591e-01   2.9148259e+00
   4.4280239e-01   2.8769333e+00
   4.6354261e-01   2.8462584e+00
   4.7430492e-01   2.8102244e+00
   5.0249707e-01   2.7788452e+00
   5.0321739e-01   2.8051913e+00
   5.4900841e-01   2.8244034e+00
   5.8580131e-01   2.8588675e+00
   5.7347645e-01   2.9042479e+00
   5.8183728e-01   2.9465895e+00
   5.8183728e-01   2.9465895e+00
   5.8710605e-01   2.9980436e+00
   5.8121572e-01   3.0381959e+00
   5.7067547e-01   3.0790893e+00
   6.1556171e-01   3.0946377e+00
   6.6283884e-01   3.1184116e+00
   7.1251796e-01   3.1488763e+00
   7.4968070e-01   3.1837801e+00
   7.6566368e-01   3.2516574e+00
   7.6555122e-01   3.3159666e+00
   7.6607869e-01   3.3637546e+00
   7.6107739e-01   3.4329983e+00
   7.3040371e-01   3.4600277e+00
   7.0245560e-01   3.5058924e+00
   7.1590359e-01   3.5441008e+00
   7.5900004e-01   3.5464583e+00
   8.0109400e-01   3.5897741e+00
   8.1285025e-01   3.6424549e+00
   8.1691677e-01   3.7093762e+00
   7.9152529e-01   3.7495694e+00
   8.2548023e-01   3.8019314e+00
   8.3267610e-01   3.8151942e+00
   8.3994959e-01   3.8285353e+00
   8.4730176e-01   3.8419552e+00
   8.5473370e-01   3.8554546e+00
   8.4698126e-01   3.8664856e+00
   8.3914278e-01   3.8775274e+00
   8.3121761e-01   3.8885795e+00
   8.2320512e-01   3.8996414e+00
   8.3617702e-01   3.9610911e+00
   8.9008563e-01   3.9885536e+00
   9.5666661e-01   3.9604341e+00
   1.0136351e+00   3.9194360e+00
   1.0593975e+00   3.9073152e+00
   1.1455791e+00   3.9099741e+00
   1.1854826e+00   3.8582631e+00
   1.2150619e+00   3.7958522e+00
   1.2150619e+00   3.7958522e+00
   1.2530561e+00   3.7449900e+00
   1.2219057e+00   3.7055455e+00
   1.2588786e+00   3.6560491e+00
   1.3066270e+00   3.6392576e+00
   1.3502620e+00   3.6114397e+00
   1.3196190e+00   3.5616612e+00
   1.3155444e+00   3.5036621e+00
   1.2880887e+00   3.4451498e+00
   1.2735902e+00   3.4063717e+00
   1.2848283e+00   3.3470922e+00
   1.3150958e+00   3.3249433e+00
   1.3279367e+00   3.2459097e+00
   1.3959251e+00   3.2491037e+00
   1.4303335e+00   3.2770217e+00
   1.4855934e+00   3.2856366e+00
   1.5314123e+00   3.3218902e+00
   1.5295573e+00   3.3687641e+00
   1.5671902e+00   3.3870516e+00
   1.6152801e+00   3.4125257e+00
   1.6166767e+00   3.3637122e+00
   1.6177013e+00   3.2919531e+00
   1.6230025e+00   3.2199780e+00
   1.6190955e+00   3.1544808e+00
   1.6194799e+00   3.0885829e+00
   1.6286547e+00   3.0412507e+00
   1.6107661e+00   3.0078466e+00
   1.6238187e+00   2.9696559e+00
   1.5851926e+00   2.9501868e+00
   1.5603258e+00   2.9039076e+00
   1.5653285e+00   2.8626884e+00
   1.5653285e+00   2.8626884e+00
   1.5942103e+00   2.8177572e+00
   1.5819776e+00   2.7768794e+00
   1.6300426e+00   2.7398553e+00
   1.6288565e+00   2.7023185e+00
   1.6679916e+00   2.6693446e+00
   1.6706897e+00   2.6606683e+00
   1.6733441e+00   2.6520111e+00
   1.6759553e+00   2.6433730e+00
   1.6785235e+00   2.6347541e+00
   1.6648108e+00   2.6343609e+00
   1.6511621e+00   2.6338795e+00
   1.6375778e+00   2.6333110e+00
   1.6240583e+00   2.6326567e+00
   1.6344898e+00   2.6238343e+00
   1.6448389e+00   2.6149403e+00
   1.6551050e+00   2.6059757e+00
   1.6652874e+00   2.5969417e+00
   1.6487770e+00   2.5633110e+00
   1.6821885e+00   2.5415095e+00
   1.6869083e+00   2.4850080e+00
   1.6592129e+00   2.4598842e+00
   1.6415765e+00   2.4037566e+00
   1.6091045e+00   2.4009311e+00
   1.5667254e+00   2.3969457e+00
   1.5212415e+00   2.4184979e+00
   1.4752918e+00   2.4235692e+00
   1.4442288e+00   2.4112200e+00
   1.4136114e+00   2.3998360e+00
   1.3801057e+00   2.3904133e+00
   1.3415465e+00   2.4122646e+00
   1.3066507e+00   2.4236727e+00
   1.2914185e+00   2.4462875e+00
   1.2631542e+00   2.4610010e+00
   1.2377457e+00   2.4738775e+00
   1.2152929e+00   2.4917197e+00
   1.1799916e+00   2.5019401e+00
   1.1506546e+00   2.5155672e+00
   1.1251312e+00   2.5270861e+00
   1.0869102e+00   2.5298521e+00
   1.0869102e+00   2.5298521e+00
   1.0588232e+00   2.5151536e+00
   1.0399808e+00   2.4898151e+00
   1.0107952e+00   2.5018058e+00
   9.7079753e-01   2.4861198e+00
   9.3710935e-01   2.4734579e+00
   9.0910632e-01   2.4536846e+00
   8.8705730e-01   2.4371699e+00
   8.6176662e-01   2.4227977e+00
   8.4062349e-01   2.4071760e+00
   8.1582597e-01   2.3923663e+00
   8.4741808e-01   2.3930348e+00
   8.7229537e-01   2.4070638e+00
   8.9734492e-01   2.4219405e+00
   9.2488914e-01   2.4412032e+00
   9.5805338e-01   2.4534833e+00
   9.9320204e-01   2.4582613e+00
   1.0223563e+00   2.4584718e+00
   1.0580416e+00   2.4626585e+00
   1.0928061e+00   2.4544827e+00
   1.1272473e+00   2.4451885e+00
   1.1505304e+00   2.4208302e+00
   1.1567423e+00   2.3981750e+00
   1.1466987e+00   2.3773524e+00
   1.1152248e+00   2.3731979e+00
   1.0896146e+00   2.3722632e+00
   1.0480470e+00   2.3909183e+00
   1.0616279e+00   2.3479665e+00
   1.1007746e+00   2.3424479e+00
   1.0820064e+00   2.3203701e+00
   1.0692437e+00   2.2846665e+00
   1.0692437e+00   2.2846665e+00
   1.0691417e+00   2.2495803e+00
   1.0871913e+00   2.2290725e+00
   1.1070728e+00   2.1963922e+00
   1.1304179e+00   2.1789353e+00
   1.1570379e+00   2.1760719e+00
   1.1736310e+00   2.1615594e+00
   1.1860724e+00   2.1844735e+00
   1.2176541e+00   2.1967062e+00
   1.2435287e+00   2.2132260e+00
   1.2477424e+00   2.1982101e+00
   1.2289690e+00   2.1721953e+00
   1.2327825e+00   2.1640830e+00
   1.2365416e+00   2.1559806e+00
   1.2402466e+00   2.1478885e+00
   1.2438978e+00   2.1398068e+00
   1.2358070e+00   2.1385973e+00
   1.2277503e+00   2.1373563e+00
   1.2197277e+00   2.1360842e+00
   1.2117392e+00   2.1347814e+00
   1.1850326e+00   2.1378553e+00
   1.1690663e+00   2.1238887e+00
   1.1334046e+00   2.1316241e+00
   1.0893022e+00   2.1378760e+00
   1.0577241e+00   2.1373240e+00
   1.0390324e+00   2.1464728e+00
   1.0184186e+00   2.1351590e+00
   9.9153387e-01   2.1263513e+00
   9.6522466e-01   2.1179922e+00
   9.5242894e-01   2.1391904e+00
   9.5576138e-01   2.1639318e+00
   9.7490562e-01   2.1814714e+00
   1.0056854e+00   2.1895359e+00
   1.0253689e+00   2.1909188e+00
   1.0598138e+00   2.1972215e+00
   1.0317386e+00   2.2045290e+00
   1.0440018e+00   2.2216354e+00
   1.0440018e+00   2.2216354e+00
   1.0062764e+00   2.2162673e+00
   9.7641108e-01   2.2190630e+00
   9.4728079e-01   2.2316537e+00
   9.3936434e-01   2.2130037e+00
   9.1438589e-01   2.2075228e+00
   8.9158944e-01   2.2067613e+00
   8.6560713e-01   2.2065015e+00
   8.5952935e-01   2.2194451e+00
   8.3773259e-01   2.2018729e+00
   8.1204912e-01   2.2011554e+00
   7.8975079e-01   2.1996381e+00
   7.8652246e-01   2.1906465e+00
   7.6778834e-01   2.1778264e+00
   7.5215079e-01   2.1635297e+00
   7.5070024e-01   2.1496753e+00
   7.3694226e-01   2.1402357e+00
   7.4643554e-01   2.1279129e+00
   7.4536188e-01   2.1048370e+00
   7.6441663e-01   2.1002174e+00
   7.6707645e-01   2.1121120e+00
   7.6483251e-01   2.0933988e+00
   7.3481167e-01   2.0947760e+00
   7.3773232e-01   2.1031020e+00
   7.1980308e-01   2.0999805e+00
   7.1479358e-01   2.1154133e+00
   7.0307907e-01   2.1012818e+00
   6.8201504e-01   2.0990265e+00
   6.6367184e-01   2.1048982e+00
   6.4527810e-01   2.1106096e+00
   6.2436955e-01   2.1078363e+00
   6.2436955e-01   2.1078363e+00
   6.0246086e-01   2.1010307e+00
   5.8588426e-01   2.0885469e+00
   5.9557814e-01   2.0770278e+00
   5.8272863e-01   2.0552113e+00
   5.6445447e-01   2.0353571e+00
   5.4262541e-01   2.0251056e+00
   5.3776411e-01   2.0425712e+00
   5.2801485e-01   2.0535060e+00
   5.2776617e-01   2.0290288e+00
   5.2978179e-01   2.0214719e+00
   5.3176426e-01   2.0139489e+00
   5.3371402e-01   2.0064596e+00
   5.3563147e-01   1.9990038e+00
   5.3270364e-01   1.9968098e+00
   5.2978629e-01   1.9946155e+00
   5.2687938e-01   1.9924210e+00
   5.2398286e-01   1.9902263e+00
   5.0776842e-01   1.9747655e+00
   4.9641634e-01   1.9546440e+00
   4.8702831e-01   1.9533639e+00
   4.9826690e-01   1.9734761e+00
   5.0746323e-01   1.9865112e+00
   4.9601339e-01   1.9894011e+00
   5.0156492e-01   1.9997678e+00
   4.8908870e-01   2.0108977e+00
   4.9925433e-01   2.0280150e+00
   5.0308114e-01   2.0435598e+00
   5.1294782e-01   2.0573213e+00
   4.9594487e-01   2.0531259e+00
   4.8658146e-01   2.0392973e+00
   4.8398233e-01   2.0159315e+00
   4.8323531e-01   2.0005105e+00
   4.6658777e-01   2.0082167e+00
   4.8368977e-01   1.9886999e+00
   4.7613302e-01   1.9711083e+00
   4.7269645e-01   1.9568814e+00
   4.7269645e-01   1.9568814e+00
   4.8342293e-01   1.9389035e+00
   4.8567381e-01   1.9235989e+00
   4.8724616e-01   1.9059824e+00
   4.8882058e-01   1.8942199e+00
   4.7996156e-01   1.9122195e+00
   4.7654486e-01   1.9113170e+00
   4.6462419e-01   1.9103114e+00
   4.4905580e-01   1.9070718e+00
   4.6568084e-01   1.9030805e+00
   4.7961851e-01   1.8996158e+00
   4.7612438e-01   1.8857767e+00
   4.6801340e-01   1.8770992e+00
   4.5719438e-01   1.8797636e+00
   4.3767863e-01   1.8704571e+00
   4.5398458e-01   1.8665665e+00
   4.4347095e-01   1.8586181e+00
   4.2358868e-01   1.8599243e+00
   4.0732507e-01   1.8495421e+00
   3.9102502e-01   1.8396281e+00
   3.7689446e-01   1.8393460e+00
   3.5893942e-01   1.8329160e+00
   3.4844993e-01   1.8214565e+00
   3.3563609e-01   1.8109303e+00
   3.1763537e-01   1.8013997e+00
   3.0034464e-01   1.7947888e+00
   2.8221525e-01   1.7818369e+00
   2.7163585e-01   1.7648465e+00
   2.6125225e-01   1.7480796e+00
   2.6102870e-01   1.7300561e+00
   2.6109493e-01   1.7122586e+00
   2.6109493e-01   1.7122586e+00
   2.6587761e-01   1.6939901e+00
   2.6791396e-01   1.6763896e+00
   2.7510509e-01   1.6581828e+00
   2.7331079e-01   1.6473677e+00
   2.7724757e-01   1.6270944e+00
   2.8112392e-01   1.6074543e+00
   2.7795615e-01   1.5893411e+00
   2.7231801e-01   1.5716464e+00
   2.6290192e-01   1.5576760e+00
   2.5531329e-01   1.5540028e+00
   2.4376335e-01   1.5530931e+00
   2.4110097e-01   1.5664582e+00
   2.3108379e-01   1.5782363e+00
   2.2638414e-01   1.5946480e+00
   2.2122936e-01   1.6087486e+00
   2.1333355e-01   1.6204292e+00
   2.1312416e-01   1.6232069e+00
   2.1291284e-01   1.6259912e+00
   2.1269959e-01   1.6287822e+00
   2.1248439e-01   1.6315799e+00
   2.1414555e-01   1.6354492e+00
   2.1581665e-01   1.6393306e+00
   2.1749776e-01   1.6432244e+00
   2.1918898e-01   1.6471306e+00
   2.1671957e-01   1.6467152e+00
   2.1425264e-01   1.6462948e+00
   2.1178822e-01   1.6458695e+00
   2.0932631e-01   1.6454392e+00
   2.1073789e-01   1.6565352e+00
   2.1479045e-01   1.6697644e+00
   2.1223036e-01   1.6870799e+00
   2.0523581e-01   1.6910279e+00
   1.9508955e-01   1.7122790e+00
   1.8374972e-01   1.7250882e+00
   1.6841682e-01   1.7238433e+00
   1.5529364e-01   1.7163459e+00
   1.4008459e-01   1.7148767e+00
   1.3611450e-01   1.7294988e+00
   1.2143281e-01   1.7365700e+00
   1.2143281e-01   1.7365700e+00
   1.1199391e-01   1.7460491e+00
   9.6596089e-02   1.7441324e+00
   8.1224156e-02   1.7417349e+00
   6.6021752e-02   1.7423774e+00
   6.1272270e-02   1.7546082e+00
   5.3344837e-02   1.7459906e+00
   3.8168133e-02   1.7492208e+00
   2.5344764e-02   1.7494535e+00
   1.0026294e-02   1.7407817e+00
  -5.1912702e-03   1.7496294e+00
  -1.2716977e-02   1.7348001e+00
  -2.4183984e-03   1.7320491e+00
   9.9919445e-03   1.7348179e+00
   2.2708442e-02   1.7346981e+00
   2.0184419e-02   1.7260139e+00
   1.2612462e-02   1.7205425e+00
   1.2569503e-02   1.7146822e+00
   2.7350959e-02   1.7032172e+00
   2.2221724e-02   1.6975177e+00
   1.4888900e-02   1.7060990e+00
   5.0703938e-03   1.7088901e+00
  -5.0541914e-03   1.7034293e+00
  -2.2257241e-02   1.7002308e+00
  -3.7160278e-02   1.7030314e+00
  -3.9800207e-02   1.7142664e+00
  -5.5122460e-02   1.7252515e+00
  -6.7428045e-02   1.7161583e+00
  -8.2550629e-02   1.7186073e+00
  -9.7859229e-02   1.7233557e+00
  -1.1511394e-01   1.7195081e+00
  -1.1511394e-01   1.7195081e+00
  -1.2751024e-01   1.7158575e+00
  -1.4176606e-01   1.7061010e+00
  -1.4293789e-01   1.7202035e+00
  -1.4530089e-01   1.7186150e+00
  -1.4765762e-01   1.7170232e+00
  -1.5000809e-01   1.7154284e+00
  -1.5235230e-01   1.7138304e+00
  -1.5016015e-01   1.7103882e+00
  -1.4798049e-01   1.7069533e+00
  -1.4581324e-01   1.7035257e+00
  -1.4365831e-01   1.7001052e+00
  -1.4600255e-01   1.6977693e+00
  -1.4833728e-01   1.6954325e+00
  -1.5066253e-01   1.6930949e+00
  -1.5297833e-01   1.6907565e+00
  -1.6190504e-01   1.6814482e+00
  -1.7629122e-01   1.6772989e+00
  -1.8963668e-01   1.6644198e+00
  -2.0282465e-01   1.6518742e+00
  -2.1095685e-01   1.6399623e+00
  -2.1144365e-01   1.6235885e+00
  -2.0461301e-01   1.6083897e+00
  -2.0262886e-01   1.5927930e+00
  -1.9877744e-01   1.5801387e+00
  -2.0400603e-01   1.5664780e+00
  -2.0638154e-01   1.5508870e+00
  -2.0896723e-01   1.5354622e+00
  -2.0697934e-01   1.5208554e+00
  -2.0501789e-01   1.5064430e+00
  -2.0308229e-01   1.4922205e+00
  -2.0590641e-01   1.4800924e+00
  -1.9962397e-01   1.4668092e+00
  -1.8562645e-01   1.4591431e+00
  -1.8878342e-01   1.4495899e+00
  -1.8303832e-01   1.4387988e+00
  -1.7567393e-01   1.4307494e+00
  -1.6640526e-01   1.4229701e+00
  -1.5871477e-01   1.4105291e+00
  -1.5137721e-01   1.4002792e+00
  -1.5137721e-01   1.4002792e+00
  -1.4196004e-01   1.3903294e+00
  -1.2943959e-01   1.3874177e+00
  -1.1696061e-01   1.3841549e+00
  -1.0832727e-01   1.3764285e+00
  -1.0039786e-01   1.3770296e+00
  -8.6466781e-02   1.3820482e+00
  -7.2592294e-02   1.3851435e+00
  -5.8837297e-02   1.3922000e+00
  -4.4424632e-02   1.3904253e+00
  -4.4294007e-02   1.3863370e+00
  -3.0347446e-02   1.3908038e+00
  -3.2438433e-02   1.3971816e+00
  -2.4503538e-02   1.4038068e+00
  -1.6469482e-02   1.4083415e+00
  -1.6598023e-02   1.4193333e+00
  -1.2462784e-02   1.4280936e+00
  -1.0550873e-02   1.4393087e+00
  -8.3802041e-03   1.4549849e+00
   8.9377373e-17   1.4596433e+00
   1.2756721e-02   1.4617754e+00
   2.5550729e-02   1.4638003e+00
   3.8445998e-02   1.4681934e+00
   5.1333775e-02   1.4700070e+00
   6.2014854e-02   1.4673869e+00
   7.4817696e-02   1.4667898e+00
   8.0958607e-02   1.4617831e+00
   8.0339915e-02   1.4506121e+00
   6.9160186e-02   1.4398340e+00
   6.4287053e-02   1.4267004e+00
   6.3640002e-02   1.4234156e+00
   6.2996494e-02   1.4201408e+00
   6.2356504e-02   1.4168758e+00
   6.1720006e-02   1.4136205e+00
   6.1720006e-02   1.4136205e+00
   6.1720006e-02   1.4136205e+00
   6.1720006e-02   1.4136205e+00
   6.1720006e-02   1.4136205e+00
   6.1083945e-02   1.4103754e+00
   6.0451347e-02   1.4071400e+00
   5.9822187e-02   1.4039142e+00
   5.9196441e-02   1.4006980e+00
   5.6390240e-02   1.3858976e+00
   4.9882339e-02   1.3734576e+00
   4.4220753e-02   1.3840442e+00
   4.1649277e-02   1.3631918e+00
   4.1270432e-02   1.3507921e+00
   3.4946922e-02   1.3345691e+00
   2.3160126e-02   1.3268427e+00
   3.2784375e-02   1.3225505e+00
   4.2056373e-02   1.3163023e+00
   5.5861070e-02   1.3217769e+00
   6.9037607e-02   1.3173160e+00
   8.0647473e-02   1.3185745e+00
   9.2435631e-02   1.3218911e+00
   1.0379799e-01   1.3188785e+00
   1.1549173e-01   1.3200766e+00
   1.2289201e-01   1.3172366e+00
   1.3235229e-01   1.3143917e+00
   1.4090745e-01   1.3034312e+00
   1.4979672e-01   1.2986253e+00
   1.5317772e-01   1.2941920e+00
   1.5111942e-01   1.2768016e+00
   1.4445128e-01   1.2678326e+00
   1.4295500e-01   1.2547000e+00
   1.4168038e-01   1.2435128e+00
   1.3656701e-01   1.2310983e+00
   1.3535439e-01   1.2201670e+00
   1.3096330e-01   1.2114452e+00
   1.3334614e-01   1.2020634e+00
   1.3758448e-01   1.1927543e+00
   1.3758448e-01   1.1927543e+00
   1.4172795e-01   1.1832962e+00
   1.4952149e-01   1.1753349e+00
   1.5743492e-01   1.1690234e+00
   1.5950988e-01   1.1599333e+00
   1.6800827e-01   1.1587329e+00
   1.7390956e-01   1.1526445e+00
   1.8632806e-01   1.1542532e+00
   1.9694965e-01   1.1558466e+00
   2.0765184e-01   1.1575577e+00
   2.1394607e-01   1.1634131e+00
   2.2409049e-01   1.1615018e+00
   2.3173915e-01   1.1565891e+00
   2.3982896e-01   1.1530222e+00
   2.4683030e-01   1.1445364e+00
   2.5194541e-01   1.1364523e+00
   2.5694041e-01   1.1281928e+00
   2.6287624e-01   1.1163955e+00
   2.6637598e-01   1.1312584e+00
   2.7829442e-01   1.1372954e+00
   2.8536546e-01   1.1445383e+00
   2.9416372e-01   1.1440340e+00
   2.9677998e-01   1.1542089e+00
   3.0104923e-01   1.1640710e+00
   3.0792499e-01   1.1695810e+00
   3.1744791e-01   1.1708250e+00
   3.2535491e-01   1.1668627e+00
   3.3238830e-01   1.1722921e+00
   3.4558144e-01   1.1666634e+00
   3.5733565e-01   1.1687922e+00
   3.6568638e-01   1.1719222e+00
   3.6568638e-01   1.1719222e+00
   3.7533616e-01   1.1725498e+00
   3.8276387e-01   1.1780261e+00
   3.9128592e-01   1.1810646e+00
   3.9764757e-01   1.1768278e+00
   3.9914647e-01   1.1704758e+00
   3.9116471e-01   1.1636659e+00
   3.7984284e-01   1.1635058e+00
   3.8150631e-01   1.1515456e+00
   3.8205961e-01   1.1418558e+00
   3.7487198e-01   1.1368351e+00
   3.6664466e-01   1.1284162e+00
   3.6940077e-01   1.1202431e+00
   3.6821993e-01   1.1114418e+00
   3.8078767e-01   1.1109242e+00
   3.8471563e-01   1.1223838e+00
   3.8195507e-01   1.1362684e+00
   3.8597790e-01   1.1482358e+00
   3.9550800e-01   1.1486386e+00
   4.0514067e-01   1.1491788e+00
   4.1519742e-01   1.1513633e+00
   4.1507633e-01   1.1611786e+00
   4.2526799e-01   1.1633575e+00
   4.2362612e-01   1.1482888e+00
   4.3203206e-01   1.1451527e+00
   4.4137956e-01   1.1397141e+00
   4.4752809e-01   1.1314807e+00
   4.4596259e-01   1.1223647e+00
   4.4647139e-01   1.1145653e+00
   4.5857534e-01   1.1114858e+00
   4.6980312e-01   1.1067868e+00
   4.6980312e-01   1.1067868e+00
   4.7858281e-01   1.1048813e+00
   4.8647685e-01   1.1014284e+00
   4.8757454e-01   1.0951103e+00
   4.9418455e-01   1.0884137e+00
   5.0437151e-01   1.0816282e+00
   5.1534227e-01   1.0804375e+00
   5.2867738e-01   1.0839493e+00
   5.3962283e-01   1.0785421e+00
   5.5219780e-01   1.0721583e+00
   5.5491035e-01   1.0707593e+00
   5.5761870e-01   1.0693522e+00
   5.6032282e-01   1.0679369e+00
   5.6302268e-01   1.0665136e+00
   5.5873510e-01   1.0677441e+00
   5.5444610e-01   1.0689552e+00
   5.5015578e-01   1.0701468e+00
   5.4586424e-01   1.0713189e+00
   5.4880307e-01   1.0619219e+00
   5.5097895e-01   1.0507967e+00
   5.5781173e-01   1.0490913e+00
   5.6388690e-01   1.0420175e+00
   5.7268025e-01   1.0331425e+00
   5.7067504e-01   1.0223594e+00
   5.6185557e-01   1.0136143e+00
   5.7670128e-01   1.0090180e+00
   5.8347867e-01   9.9730495e-01
   5.8872464e-01   9.8642009e-01
   5.9374375e-01   9.7538606e-01
   5.9234560e-01   9.6662016e-01
   5.8664705e-01   9.6032819e-01
   5.9433906e-01   9.5745103e-01
   5.9918701e-01   9.4672227e-01
   6.0214488e-01   9.3901817e-01
   6.0273506e-01   9.3097383e-01
   6.1116234e-01   9.2336557e-01
   6.1919685e-01   9.1799708e-01
   6.1919685e-01   9.1799708e-01
   6.2817537e-01   9.1400084e-01
   6.3612751e-01   9.0848424e-01
   6.4301503e-01   9.0147382e-01
   6.4903312e-01   8.9331745e-01
   6.5313575e-01   8.8816152e-01
   6.5778075e-01   8.8087525e-01
   6.6253308e-01   8.7127523e-01
   6.6492934e-01   8.6124965e-01
   6.6854521e-01   8.5048536e-01
   6.7049199e-01   8.4292395e-01
   6.7191854e-01   8.2975030e-01
   6.6513876e-01   8.2137796e-01
   6.6206146e-01   8.0801749e-01
   6.5672575e-01   7.9667204e-01
   6.6382862e-01   7.8888056e-01
   6.5410542e-01   7.7953249e-01
   6.4273962e-01   7.7749116e-01
   6.3458539e-01   7.7669373e-01
   6.2515416e-01   7.7670182e-01
   6.1756970e-01   7.7168069e-01
   6.1014805e-01   7.6486669e-01
   6.2069464e-01   7.6186093e-01
   6.1675644e-01   7.5031744e-01
   6.2613047e-01   7.5739986e-01
   6.3250144e-01   7.6510652e-01
   6.4088324e-01   7.6377491e-01
   6.4662046e-01   7.5709529e-01
   6.5411534e-01   7.5247363e-01
   6.5985367e-01   7.4373382e-01
   6.5012663e-01   7.3690520e-01
   6.5012663e-01   7.3690520e-01
   6.4320400e-01   7.3343360e-01
   6.4459489e-01   7.2858199e-01
   6.5733082e-01   7.3441025e-01
   6.6352779e-01   7.3253963e-01
   6.7090910e-01   7.2578538e-01
   6.7432619e-01   7.1482732e-01
   6.7852192e-01   7.0681491e-01
   6.8482510e-01   6.9688308e-01
   6.8282437e-01   6.9073559e-01
   6.9087370e-01   6.8678609e-01
   6.8772678e-01   6.7985001e-01
   6.8575843e-01   6.7201336e-01
   6.7793112e-01   6.6806428e-01
   6.8657583e-01   6.6301857e-01
   6.9536603e-01   6.5987772e-01
   7.0011886e-01   6.5287140e-01
   7.0271340e-01   6.4391820e-01
   7.0830582e-01   6.3776143e-01
   7.1073244e-01   6.2880295e-01
   7.1619265e-01   6.2257677e-01
   7.2374531e-01   6.1813689e-01
   7.2911194e-01   6.1179756e-01
   7.3007185e-01   6.0182479e-01
   7.3106592e-01   5.9200551e-01
   7.3196755e-01   5.8223328e-01
   7.3094773e-01   5.7457967e-01
   7.3011503e-01   5.6694782e-01
   7.3182408e-01   5.5810634e-01
   7.3078956e-01   5.5068943e-01
   7.3440820e-01   5.4343348e-01
   7.3440820e-01   5.4343348e-01
   7.4028911e-01   5.3785152e-01
   7.4347747e-01   5.2875263e-01
   7.3823105e-01   5.2018605e-01
   7.3214924e-01   5.1265641e-01
   7.2622697e-01   5.0530503e-01
   7.2056503e-01   4.9987374e-01
   7.1141904e-01   4.9500175e-01
   7.0302309e-01   4.9372637e-01
   6.9469830e-01   4.9242011e-01
   6.8753845e-01   4.9186627e-01
   6.7884586e-01   4.9321039e-01
   6.7166589e-01   4.9248581e-01
   6.6344389e-01   4.9541705e-01
   6.5834431e-01   4.9609802e-01
   6.4966976e-01   4.9545352e-01
   6.4175593e-01   4.9386183e-01
   6.3154150e-01   4.9341430e-01
   6.2320542e-01   4.9430082e-01
   6.1521832e-01   4.9677328e-01
   6.0717297e-01   4.9167898e-01
   6.0104975e-01   4.8811161e-01
   5.9632507e-01   4.8289452e-01
   5.9095552e-01   4.7854635e-01
   5.8628306e-01   4.7340879e-01
   5.7882201e-01   4.7006049e-01
   5.7189561e-01   4.6592826e-01
   5.6668881e-01   4.6168624e-01
   5.6061808e-01   4.6213788e-01
   5.5485031e-01   4.5868596e-01
   5.4976043e-01   4.5447824e-01
   5.4976043e-01   4.5447824e-01
   5.4399414e-01   4.5115169e-01
   5.3505231e-01   4.5167425e-01
   5.2884684e-01   4.4897100e-01
   5.2003308e-01   4.4935589e-01
   5.1386346e-01   4.4669469e-01
   5.0905804e-01   4.4251740e-01
   5.0280314e-01   4.4484264e-01
   4.9655350e-01   4.4709878e-01
   4.9262328e-01   4.4355999e-01
   4.8873378e-01   4.4784200e-01
   4.8407246e-01   4.5140487e-01
   4.8011482e-01   4.5561195e-01
   4.7684316e-01   4.6048209e-01
   4.7071161e-01   4.6532040e-01
   4.6914192e-01   4.6102448e-01
   4.6510091e-01   4.6510091e-01
   4.5730396e-01   4.6405802e-01
   4.5601274e-01   4.6811017e-01
   4.4841839e-01   4.6973521e-01
   4.4286052e-01   4.7209366e-01
   4.3594965e-01   4.7160768e-01
   4.2834490e-01   4.7157096e-01
   4.2144813e-01   4.7086767e-01
   4.1476306e-01   4.7012543e-01
   4.1075276e-01   4.6557983e-01
   4.0541286e-01   4.5952717e-01
   4.0208772e-01   4.5447749e-01
   3.9751356e-01   4.5057347e-01
   3.9226954e-01   4.4729768e-01
   3.8899749e-01   4.4749042e-01
   3.8899749e-01   4.4749042e-01
   3.8317917e-01   4.4737876e-01
   3.7618652e-01   4.4562971e-01
   3.6979971e-01   4.4337513e-01
   3.6485558e-01   4.3993917e-01
   3.5857885e-01   4.3763003e-01
   3.5243635e-01   4.3522265e-01
   3.4627377e-01   4.3532579e-01
   3.4007372e-01   4.3527451e-01
   3.3458535e-01   4.3478180e-01
   3.2992872e-01   4.3121681e-01
   3.2336688e-01   4.2912234e-01
   3.1740570e-01   4.2894918e-01
   3.1454690e-01   4.2632939e-01
   3.0924878e-01   4.2564443e-01
   3.0390687e-01   4.2606172e-01
   2.9966734e-01   4.2796931e-01
   2.9514379e-01   4.3217835e-01
   2.9025992e-01   4.3440468e-01
   2.8682085e-01   4.3880949e-01
   2.8572143e-01   4.4284348e-01
   2.8060140e-01   4.4610530e-01
   2.7916133e-01   4.5253052e-01
   2.7589027e-01   4.5021201e-01
   2.7523587e-01   4.4616722e-01
   2.7970047e-01   4.3904180e-01
   2.8024312e-01   4.3435257e-01
   2.7537457e-01   4.3092255e-01
   2.7475013e-01   4.2583891e-01
   2.7738337e-01   4.2307994e-01
   2.7496936e-01   4.1812358e-01
   2.7496936e-01   4.1812358e-01
   2.6959147e-01   4.1513446e-01
   2.6408841e-01   4.1326129e-01
   2.6050008e-01   4.1016590e-01
   2.5484192e-01   4.1053782e-01
   2.5035473e-01   4.1127592e-01
   2.4466916e-01   4.1256175e-01
   2.3939893e-01   4.1465111e-01
   2.3529612e-01   4.1588448e-01
   2.2941987e-01   4.1817721e-01
   2.2392645e-01   4.2114440e-01
   2.2333495e-01   4.2448992e-01
   2.2065208e-01   4.2081549e-01
   2.2141716e-01   4.1642512e-01
   2.1853938e-01   4.1397127e-01
   2.1427318e-01   4.1021548e-01
   2.1425722e-01   4.0723598e-01
   2.1202108e-01   4.0435493e-01
   2.0608255e-01   4.0445978e-01
   2.0020204e-01   4.0740260e-01
   1.9741479e-01   4.1074788e-01
   1.9494456e-01   4.1484196e-01
   1.9405049e-01   4.1453139e-01
   1.9315703e-01   4.1422053e-01
   1.9226417e-01   4.1390936e-01
   1.9137191e-01   4.1359789e-01
   1.9112298e-01   4.1226181e-01
   1.9087396e-01   4.1092712e-01
   1.9062485e-01   4.0959382e-01
   1.9037565e-01   4.0826189e-01
   1.8780835e-01   4.0275631e-01
   1.9019224e-01   3.9874633e-01
   1.9654974e-01   3.9856345e-01
   1.9541106e-01   3.9330826e-01
   1.9363983e-01   3.9128449e-01
   1.9021789e-01   3.9295940e-01
   1.8942942e-01   3.9714703e-01
   1.8942942e-01   3.9714703e-01
   1.8450563e-01   3.9567361e-01
   1.8835516e-01   3.9189812e-01
   1.8231430e-01   3.9097429e-01
   1.7913515e-01   3.8857417e-01
   1.7824858e-01   3.8523540e-01
   1.7609015e-01   3.8057054e-01
   1.7264163e-01   3.8023351e-01
   1.7124512e-01   3.7715777e-01
   1.6735235e-01   3.7890113e-01
   1.6197195e-01   3.7845601e-01
   1.5873426e-01   3.7706111e-01
   1.5461414e-01   3.7327156e-01
   1.5318971e-01   3.6837702e-01
   1.5458308e-01   3.6417492e-01
   1.5638849e-01   3.5966890e-01
   1.6108301e-01   3.5759102e-01
   1.6021474e-01   3.5434151e-01
   1.5717136e-01   3.5021245e-01
   1.5278419e-01   3.4854784e-01
   1.4737229e-01   3.4718735e-01
   1.4307947e-01   3.4542440e-01
   1.4016747e-01   3.4125454e-01
   1.3734633e-01   3.3706129e-01
   1.3278013e-01   3.3708199e-01
   1.2866724e-01   3.3518962e-01
   1.2592329e-01   3.3097325e-01
   1.2542846e-01   3.2675230e-01
   1.2494880e-01   3.2263820e-01
   1.2595819e-01   3.1700201e-01
   1.2252210e-01   3.1918099e-01
   1.2252210e-01   3.1918099e-01
   1.1973209e-01   3.2023803e-01
   1.1843532e-01   3.1812304e-01
   1.1610019e-01   3.1898266e-01
   1.1111333e-01   3.1817972e-01
   1.0858278e-01   3.1392271e-01
   1.0700137e-01   3.0935071e-01
   1.0496948e-01   3.0923011e-01
   1.0139049e-01   3.1204783e-01
   1.0076520e-01   3.1479040e-01
   1.0658184e-01   3.1542621e-01
   1.0902689e-01   3.1807915e-01
   1.0693897e-01   3.1960689e-01
   1.0288613e-01   3.1665096e-01
   9.9390715e-02   3.1522707e-01
   9.6399008e-02   3.1868576e-01
   9.5250735e-02   3.2156109e-01
   9.5940558e-02   3.2388990e-01
   9.3351720e-02   3.2555614e-01
   9.3474640e-02   3.2967342e-01
   9.0923320e-02   3.2785890e-01
   8.8487415e-02   3.3023953e-01
   8.9750622e-02   3.3495388e-01
   9.3450062e-02   3.3312865e-01
   9.5260446e-02   3.3597173e-01
   9.5646132e-02   3.4095715e-01
   9.3768854e-02   3.3811957e-01
   9.2385801e-02   3.3785962e-01
   9.1003485e-02   3.3759868e-01
   8.9621902e-02   3.3733674e-01
   8.8241049e-02   3.3707382e-01
   8.8984876e-02   3.3791504e-01
   8.9729432e-02   3.3875655e-01
   9.0474720e-02   3.3959835e-01
   9.1220742e-02   3.4044044e-01
   9.3516080e-02   3.4491002e-01
   9.5290715e-02   3.4360722e-01
   9.5290715e-02   3.4360722e-01
   9.5129836e-02   3.4702212e-01
   9.7266814e-02   3.5073280e-01
   9.0303317e-02   3.4495152e-01
   9.1750741e-02   3.5048057e-01
   9.2414205e-02   3.5094352e-01
   9.3078086e-02   3.5140642e-01
   9.3742387e-02   3.5186929e-01
   9.4407107e-02   3.5233212e-01
   9.3693743e-02   3.5275064e-01
   9.2980062e-02   3.5316885e-01
   9.2266065e-02   3.5358675e-01
   9.1551750e-02   3.5400435e-01
   9.3068383e-02   3.5780700e-01
   9.2686892e-02   3.6046919e-01
   9.5171638e-02   3.6589309e-01
   9.6202452e-02   3.6985612e-01
   9.7645436e-02   3.7299784e-01
   1.0052072e-01   3.7306407e-01
   1.0170118e-01   3.6672262e-01
   1.0303834e-01   3.7154423e-01
   1.0466237e-01   3.7536431e-01
   1.0904908e-01   3.8029935e-01
   1.0572624e-01   3.8123649e-01
   1.0281351e-01   3.8370525e-01
   9.8829283e-02   3.8214448e-01
   9.9688928e-02   3.8546849e-01
   1.0581787e-01   3.8813545e-01
   1.0477993e-01   3.9104401e-01
   1.0843276e-01   3.9099591e-01
   1.0794452e-01   3.9376852e-01
   1.1001132e-01   3.9668801e-01
   1.1187757e-01   3.9881861e-01
   1.1184304e-01   4.0329298e-01
   1.1474469e-01   4.0685397e-01
   1.1869915e-01   4.0936506e-01
   1.2006041e-01   4.0531716e-01
   1.2006041e-01   4.0531716e-01
   1.1813492e-01   4.0320609e-01
   1.1804322e-01   4.0056017e-01
   1.1535361e-01   3.9782712e-01
   1.1597572e-01   3.9583652e-01
   1.1564593e-01   3.9242536e-01
   1.1882087e-01   3.9680534e-01
   1.1916133e-01   4.0022897e-01
   1.2284171e-01   4.0179712e-01
   1.2239287e-01   4.0461894e-01
   1.2606908e-01   4.0801956e-01
   1.2585466e-01   4.1165205e-01
   1.2893995e-01   4.1525449e-01
   1.3100686e-01   4.2191104e-01
   1.3159190e-01   4.2216546e-01
   1.3217722e-01   4.2241975e-01
   1.3276280e-01   4.2267390e-01
   1.3334866e-01   4.2292793e-01
   1.3301917e-01   4.2349641e-01
   1.3268937e-01   4.2406496e-01
   1.3235925e-01   4.2463358e-01
   1.3202882e-01   4.2520227e-01
   1.3275100e-01   4.2588078e-01
   1.3347389e-01   4.2655945e-01
   1.3419750e-01   4.2723830e-01
   1.3492181e-01   4.2791732e-01
   1.3411851e-01   4.2863449e-01
   1.3331442e-01   4.2935130e-01
   1.3250953e-01   4.3006777e-01
   1.3170385e-01   4.3078388e-01
   1.2942342e-01   4.2786126e-01
   1.2659527e-01   4.2958015e-01
   1.2628885e-01   4.3327743e-01
   1.2691441e-01   4.3769756e-01
   1.2938285e-01   4.4159640e-01
   1.3111136e-01   4.4749597e-01
   1.3592218e-01   4.5161997e-01
   1.3682471e-01   4.5692960e-01
   1.3739287e-01   4.6146351e-01
   1.3865271e-01   4.6569495e-01
   1.3789554e-01   4.7065104e-01
   1.4107913e-01   4.7627516e-01
   1.4456659e-01   4.7522821e-01
   1.4456659e-01   4.7522821e-01
   1.4615326e-01   4.8044400e-01
   1.4879699e-01   4.8157791e-01
   1.5177476e-01   4.8639552e-01
   1.5487366e-01   4.9119651e-01
   1.5939440e-01   4.9556380e-01
   1.6328020e-01   5.0014754e-01
   1.6580692e-01   5.0519599e-01
   1.6917868e-01   5.0797779e-01
   1.7015027e-01   5.1358469e-01
   1.7562219e-01   5.1974938e-01
   1.7526998e-01   5.2382676e-01
   1.7650072e-01   5.2750504e-01
   1.7757373e-01   5.3318486e-01
   1.7883647e-01   5.3980326e-01
   1.8151328e-01   5.4501379e-01
   1.8558316e-01   5.4671037e-01
   1.8732368e-01   5.5437963e-01
   1.8690673e-01   5.5860532e-01
   1.9123639e-01   5.6336423e-01
   1.9393456e-01   5.6870279e-01
   1.9836053e-01   5.7347835e-01
   2.0031724e-01   5.7913540e-01
   2.0643405e-01   5.8554879e-01
   2.0701507e-01   5.9280012e-01
   2.1094240e-01   5.9568297e-01
   2.1265842e-01   6.0052886e-01
   2.1386499e-01   6.0662658e-01
   2.1677671e-01   6.1215854e-01
   2.1885337e-01   6.1802284e-01
   2.2094194e-01   6.2392079e-01
   2.2094194e-01   6.2392079e-01
   2.2578873e-01   6.2887371e-01
   2.2881387e-01   6.3451237e-01
   2.3197965e-01   6.4013846e-01
   2.3314668e-01   6.4652745e-01
   2.3533258e-01   6.5258908e-01
   2.3856614e-01   6.5831360e-01
   2.3956841e-01   6.6725329e-01
   2.4120577e-01   6.7477464e-01
   2.4343564e-01   6.8101272e-01
   2.3932142e-01   6.8839786e-01
   2.3592293e-01   6.9183145e-01
   2.3372353e-01   6.9852600e-01
   2.2866055e-01   7.0374480e-01
   2.2385358e-01   7.0997285e-01
   2.2012129e-01   7.1241729e-01
   2.1305103e-01   7.1924823e-01
   2.0834948e-01   7.2660099e-01
   2.0229416e-01   7.2944917e-01
   1.9523034e-01   7.3735371e-01
   1.9212333e-01   7.4288581e-01
   1.8896399e-01   7.4842605e-01
   1.8513338e-01   7.5657766e-01
   1.8787110e-01   7.6314893e-01
   1.8569083e-01   7.7345796e-01
   1.8504337e-01   7.8096184e-01
   1.8160988e-01   7.8663879e-01
   1.8036599e-01   7.9196424e-01
   1.7737467e-01   8.0008544e-01
   1.7656311e-01   8.0775930e-01
   1.7150497e-01   8.1880601e-01
   1.7150497e-01   8.1880601e-01
   1.7072355e-01   8.2657212e-01
   1.6976543e-01   8.3442375e-01
   1.6877320e-01   8.4233176e-01
   1.6537139e-01   8.5076206e-01
   1.5889018e-01   8.5729472e-01
   1.5795051e-01   8.6656608e-01
   1.5409079e-01   8.7389229e-01
   1.4992185e-01   8.7985260e-01
   1.4286394e-01   8.8500447e-01
   1.3821495e-01   8.8973258e-01
   1.4432543e-01   8.9405802e-01
   1.4024144e-01   9.0277776e-01
   1.3893145e-01   9.1111139e-01
   1.3995673e-01   9.1783518e-01
   1.4905224e-01   9.2333933e-01
   1.5801345e-01   9.2734010e-01
   1.6383815e-01   9.2917234e-01
   1.6805664e-01   9.3683373e-01
   1.7165902e-01   9.4177527e-01
   1.6491548e-01   9.4297951e-01
   1.6201239e-01   9.3503248e-01
   1.5668026e-01   9.4438275e-01
   1.5152276e-01   9.4810729e-01
   1.5476710e-01   9.5030564e-01
   1.5612438e-01   9.5863963e-01
   1.5508278e-01   9.7038304e-01
   1.6267384e-01   9.7210053e-01
   1.6409973e-01   9.8062130e-01
   1.7227296e-01   9.8504925e-01
